2 0.616611 0.19155 0.618364 0.192137 0.618931 0.191392 0.619325 0.189812 0.619183 0.186312 0.619162 0.186091 0.619137 0.185982 0.617158 0.176922 0.61689 0.175556 0.616263 0.17263 0.6138 0.160738 0.612899 0.155516 0.610749 0.140248 0.610227 0.135424 0.609779 0.130288 0.608886 0.109024 0.608787 0.104506 0.608843 0.097032 0.609095 0.08489 0.608919 0.080149 0.60878 0.077125 0.608721 0.072929 0.608383 0.072169 0.607184 0.069028 0.606685 0.068023 0.606005 0.06747 0.60418 0.066155 0.601803 0.064571 0.601042 0.064153 0.600714 0.064143 0.593537 0.064711 0.591297 0.06486 0.585016 0.065401 0.579245 0.065523 0.578899 0.065547 0.578599 0.065595 0.5728 0.066873 0.570104 0.067345 0.566932 0.067905 0.563206 0.069095 0.560445 0.070234 0.556995 0.071632 0.553291 0.071737 0.550925 0.072234 0.545434 0.074157 0.543966 0.074442 0.539001 0.075859 0.538601 0.076042 0.536863 0.076472 0.532746 0.077657 0.532186 0.077786 0.530162 0.07903 0.525349 0.082098 0.524301 0.084741 0.520145 0.088945 0.519671 0.094556 0.520259 0.09767 0.523916 0.105045 0.531376 0.113993 0.534946 0.118949 0.548269 0.133515 0.55524 0.141981 0.55814 0.144856 0.566364 0.152822 0.575462 0.161424 0.578515 0.164351 0.588438 0.172457 0.592329 0.175955 0.601632 0.183486 0.605424 0.186094 0.607084 0.187035 0.613683 0.191537
12 0.857111 0.966095 0.856556 0.962899 0.856406 0.962526 0.855689 0.961963 0.851209 0.95846 0.846676 0.956139 0.83463 0.949371 0.831475 0.947672 0.828868 0.946072 0.814806 0.936727 0.808726 0.932792 0.807566 0.931856 0.803408 0.928259 0.802052 0.927291 0.796293 0.923695 0.794239 0.922626 0.788402 0.921333 0.783961 0.920986 0.777386 0.920578 0.771679 0.920847 0.768061 0.921445 0.765459 0.922237 0.762822 0.922963 0.757631 0.926407 0.755575 0.927676 0.754588 0.928424 0.751139 0.930943 0.741985 0.937688 0.736727 0.941102 0.728897 0.946116 0.716908 0.952974 0.715814 0.953733 0.709131 0.95806 0.706486 0.960691 0.704564 0.962432 0.704285 0.963104 0.702431 0.966094 0.702291 0.966377 0.702342 0.966465 0.704579 0.968762 0.704773 0.970781 0.705499 0.972627 0.706503 0.973536 0.70885 0.974365 0.711398 0.975057 0.714547 0.975697 0.719972 0.976313 0.725229 0.976831 0.725642 0.976862 0.726819 0.976788 0.734585 0.976277 0.739128 0.976011 0.744213 0.975406 0.755103 0.974961 0.755498 0.974961 0.75578 0.974952 0.763468 0.974638 0.764651 0.974238 0.767611 0.973195 0.769708 0.971131 0.770194 0.970837 0.7713 0.970062 0.777765 0.967597 0.782172 0.968062 0.786284 0.968685 0.790323 0.971289 0.792916 0.972902 0.801569 0.974789 0.803992 0.974981 0.808004 0.974922 0.812057 0.975134 0.81576 0.975215 0.819729 0.975046 0.828578 0.975273 0.829054 0.975289 0.829238 0.975275 0.835867 0.97518 0.84223 0.975064 0.842477 0.975058 0.842771 0.974996 0.850728 0.973029 0.853906 0.971104 0.855693 0.970098 0.855916 0.968642
13 0.395346 0.898738 0.396179 0.892687 0.396166 0.89247 0.393995 0.884518 0.393577 0.883347 0.390181 0.875194 0.388379 0.870445 0.385039 0.863603 0.38427 0.861527 0.380623 0.854812 0.379682 0.852287 0.377782 0.84907 0.376505 0.844484 0.375537 0.842847 0.375692 0.840943 0.376159 0.83796 0.379209 0.834522 0.380981 0.832969 0.38493 0.830279 0.388437 0.826955 0.390492 0.82465 0.393208 0.819308 0.393641 0.818504 0.394338 0.815402 0.39505 0.811997 0.39508 0.811377 0.394675 0.806027 0.393591 0.802526 0.391498 0.797237 0.390604 0.795398 0.388977 0.792711 0.384585 0.785452 0.381192 0.781312 0.374683 0.772666 0.369311 0.767216 0.362416 0.758481 0.360771 0.75684 0.357159 0.753546 0.355212 0.75177 0.352486 0.749799 0.349978 0.74805 0.349432 0.747723 0.345917 0.746162 0.341642 0.744247 0.340787 0.74407 0.337094 0.743234 0.33541 0.742956 0.332107 0.744247 0.329807 0.745066 0.324549 0.74741 0.323982 0.747854 0.321711 0.750706 0.318982 0.754307 0.318417 0.755084 0.313938 0.762793 0.312126 0.768267 0.310351 0.773057 0.309179 0.778044 0.307669 0.785816 0.307166 0.788986 0.307222 0.791346 0.307694 0.804116 0.307787 0.80461 0.308195 0.80642 0.309724 0.814088 0.310262 0.81542 0.314374 0.824518 0.316024 0.827231 0.318432 0.830755 0.320619 0.833731 0.32386 0.837766 0.328293 0.841827 0.331035 0.845476 0.333234 0.847968 0.334765 0.851909 0.335222 0.853189 0.33726 0.860462 0.337973 0.863496 0.339947 0.875277 0.341147 0.879012 0.344008 0.885029 0.347021 0.890478 0.347546 0.89117 0.352082 0.895619 0.354541 0.897799 0.357544 0.899843 0.360718 0.901549 0.366804 0.904419 0.368598 0.904977 0.374841 0.906241 0.376772 0.906631 0.377176 0.906659 0.37779 0.906681 0.385064 0.906058 0.387284 0.905369 0.391802 0.903925 0.393783 0.90204 0.394628 0.899973
14 0.389602 0.828976 0.388758 0.829538 0.382716 0.833457 0.380726 0.834642 0.375199 0.838634 0.37524 0.842861 0.375067 0.843893 0.376197 0.848611 0.376762 0.852973 0.380356 0.857596 0.38328 0.865198 0.38443 0.867523 0.385586 0.869699 0.389288 0.878428 0.391947 0.88361 0.393826 0.887683 0.395073 0.889728 0.398026 0.894651 0.401535 0.897936 0.402282 0.898698 0.403123 0.899214 0.407647 0.901373 0.410507 0.902154 0.414975 0.902383 0.417646 0.90228 0.423079 0.901291 0.426409 0.900528 0.42875 0.899762 0.433898 0.897831 0.437753 0.896263 0.439354 0.894914 0.441482 0.893104 0.441891 0.892099 0.443653 0.887463 0.444085 0.884202 0.444227 0.880831 0.444043 0.878245 0.442859 0.869603 0.442594 0.867542 0.442174 0.865917 0.439526 0.853033 0.439507 0.852917 0.439505 0.852901 0.438831 0.851256 0.435845 0.843861 0.435819 0.843809 0.435756 0.843736 0.431352 0.837074 0.427892 0.833318 0.427045 0.832439 0.426219 0.831817 0.420382 0.828019 0.415643 0.825567 0.413226 0.824553 0.407145 0.822432 0.402066 0.822539 0.400852 0.822495 0.399504 0.823048
17 0.355999 0.44134 0.353587 0.44378 0.35089 0.446733 0.33859 0.460478 0.332459 0.467967 0.327825 0.473756 0.323352 0.479622 0.318208 0.486317 0.314411 0.4916 0.307998 0.500757 0.301883 0.510607 0.300296 0.513218 0.299059 0.51558 0.29082 0.531044 0.287645 0.537857 0.285638 0.542421 0.282767 0.549398 0.278881 0.559486 0.277557 0.563185 0.275499 0.570622 0.273535 0.577965 0.27079 0.592729 0.270255 0.595704 0.270043 0.597344 0.268094 0.612255 0.267968 0.621421 0.267768 0.625846 0.268015 0.632337 0.268336 0.637136 0.268634 0.638982 0.269881 0.647797 0.270172 0.648772 0.272977 0.656241 0.273397 0.657128 0.274536 0.659086 0.278278 0.666283 0.279688 0.668543 0.283681 0.673704 0.284826 0.675215 0.285442 0.67583 0.291051 0.681676 0.294164 0.684161 0.298311 0.68773 0.301092 0.68943 0.306642 0.692595 0.31145 0.694781 0.311685 0.694866 0.317866 0.696732 0.320966 0.697233 0.326837 0.697821 0.329174 0.697846 0.33608 0.697481 0.337791 0.697288 0.347817 0.69561 0.348531 0.695466 0.358932 0.692842 0.359303 0.69268 0.364824 0.690237 0.36587 0.689637 0.368878 0.687459 0.370739 0.684938 0.370804 0.684842 0.370873 0.684677 0.372548 0.681233 0.373145 0.679093 0.373556 0.674935 0.373461 0.671057 0.373267 0.668932 0.372394 0.663506 0.372256 0.662141 0.37221 0.661762 0.370525 0.653598 0.370382 0.653133 0.370185 0.652426 0.368288 0.64471 0.367932 0.642956 0.367067 0.635226 0.367013 0.634569 0.367019 0.634385 0.366992 0.62654 0.367555 0.622951 0.368568 0.618557 0.368747 0.616495 0.370271 0.608634 0.370868 0.605191 0.372714 0.598415 0.373786 0.593379 0.37421 0.58275 0.374225 0.582613 0.374219 0.582496 0.374963 0.569017 0.375469 0.555069 0.375654 0.552692 0.375818 0.551047 0.377006 0.535267 0.377824 0.52566 0.378464 0.521503 0.379858 0.513908 0.381718 0.506637 0.38241 0.50425 0.38325 0.501809 0.387015 0.491899 0.390854 0.483473 0.392262 0.480673 0.396203 0.474205 0.397497 0.472446 0.401456 0.468474 0.402927 0.467595 0.406739 0.465666 0.409871 0.464907 0.41166 0.46441 0.417305 0.464036 0.418543 0.463925 0.418763 0.463944 0.419729 0.463918 0.426838 0.463688 0.42846 0.463449 0.432638 0.462148 0.434156 0.461101 0.436423 0.458781 0.437291 0.456385 0.439485 0.446013 0.439568 0.445495 0.439749 0.444209 0.44116 0.433696 0.441364 0.4276 0.441596 0.419084 0.441525 0.415064 0.440604 0.408564 0.43977 0.405887 0.437525 0.40141 0.435986 0.399608 0.433675 0.398181 0.432287 0.397423 0.427107 0.396458 0.425847 0.396154 0.424038 0.396197 0.41906 0.396757 0.41761 0.397109 0.412068 0.398995 0.410563 0.399597 0.408831 0.400272 0.400547 0.404661 0.399974 0.40504 0.393413 0.409962 0.386222 0.4156 0.38004 0.420173 0.373451 0.425821 0.366224 0.431682
18 0.35331 0.740504 0.353574 0.743751 0.353992 0.745443 0.356911 0.749398 0.358396 0.751539 0.359127 0.752523 0.369168 0.763862 0.370028 0.764978 0.371224 0.766498 0.378951 0.775536 0.382885 0.78069 0.386747 0.784944 0.391512 0.790651 0.393875 0.792993 0.398111 0.797351 0.399929 0.799631 0.401755 0.80112 0.407385 0.805711 0.409453 0.807601 0.41433 0.811588 0.417518 0.814455 0.420573 0.816627 0.424076 0.81783 0.428336 0.819865 0.431663 0.819504 0.43175 0.819504 0.431776 0.819457 0.434847 0.816926 0.436959 0.810676 0.437062 0.810328 0.437107 0.809974 0.437247 0.808451 0.437705 0.803236 0.437623 0.801238 0.437386 0.795643 0.436747 0.787099 0.436414 0.781407 0.436018 0.778655 0.433975 0.770777 0.432656 0.76398 0.43164 0.760042 0.428811 0.74987 0.425491 0.739191 0.42404 0.735093 0.421001 0.729329 0.418827 0.724693 0.417724 0.723164 0.4138 0.717707 0.412732 0.716305 0.412321 0.716002 0.408135 0.713667 0.405048 0.713304 0.402553 0.712622 0.396873 0.713235 0.394661 0.713789 0.388883 0.715673 0.381447 0.718428 0.370201 0.723445 0.368426 0.724274 0.368037 0.724437 0.36687 0.725048 0.359059 0.729823 0.355701 0.732824 0.354099 0.734486 0.353638 0.73527 0.352476 0.738376
19 0.703055 0.433647 0.702799 0.432887 0.702016 0.432613 0.700831 0.432929 0.700282 0.433252 0.698978 0.434275 0.688197 0.453804 0.687832 0.45446 0.687581 0.454928 0.686947 0.456168 0.676141 0.47731 0.671545 0.487526 0.668367 0.494391 0.665758 0.501082 0.662093 0.512133 0.660389 0.520782 0.658874 0.52754 0.657673 0.535206 0.656472 0.545509 0.656331 0.551218 0.655546 0.560738 0.656818 0.568442 0.657276 0.570625 0.658018 0.572553 0.660311 0.578439 0.663038 0.582742 0.663538 0.583583 0.66776 0.586695 0.668814 0.587438 0.668976 0.587504 0.669637 0.58756 0.673092 0.587927 0.673496 0.58759 0.674814 0.586044 0.675749 0.579698 0.675761 0.579523 0.675774 0.579446 0.676075 0.567711 0.676521 0.563094 0.677353 0.552505 0.678863 0.541154 0.679339 0.537147 0.680335 0.53266 0.682484 0.522921 0.685249 0.512704 0.68733 0.507299 0.690692 0.497761 0.691918 0.494287 0.692531 0.492961 0.696034 0.486186 0.697859 0.481745 0.700756 0.474996 0.7023 0.467152 0.703101 0.455104 0.703168 0.454405 0.703109 0.452208 0.703129 0.443004 0.702804 0.441224
20 0.775762 0.620326 0.769841 0.621082 0.762907 0.623221 0.758437 0.624639 0.75478 0.626407 0.746867 0.630041 0.740562 0.634157 0.737402 0.636407 0.730765 0.642472 0.730006 0.643346 0.726573 0.648038 0.725864 0.64997 0.726292 0.652444 0.726336 0.655638 0.726446 0.65661 0.729071 0.659808 0.730037 0.660367 0.732771 0.661626 0.735774 0.662609 0.737772 0.662887 0.742203 0.663259 0.746555 0.662856 0.753661 0.662093 0.76406 0.660526 0.772402 0.659415 0.782066 0.658617 0.789758 0.658596 0.801554 0.659029 0.811293 0.659747 0.821342 0.66046 0.82978 0.660488 0.831683 0.660507 0.832332 0.660147 0.835481 0.658553 0.838205 0.656443 0.839175 0.655459 0.839299 0.655083 0.839974 0.652873 0.840383 0.650983 0.840387 0.650469 0.839998 0.647038 0.838968 0.64558 0.834969 0.642304 0.826385 0.635905 0.823937 0.634129 0.822203 0.63329 0.807893 0.62562 0.804602 0.624491 0.792005 0.620723 0.789537 0.620197 0.784901 0.620144 0.778935 0.619856
22 0.422598 0.906353 0.418994 0.907579 0.418568 0.907785 0.418189 0.908511 0.417314 0.910453 0.417193 0.910696 0.417195 0.911253 0.417351 0.916226 0.419395 0.920807 0.421172 0.92471 0.423711 0.929261 0.426254 0.933124 0.431608 0.939839 0.433335 0.942017 0.435029 0.943017 0.438985 0.945428 0.44305 0.946276 0.44519 0.946648 0.446346 0.946397 0.451326 0.945129 0.454223 0.944304 0.455138 0.943879 0.45984 0.940781 0.461172 0.938764 0.461666 0.936973 0.461919 0.935858 0.460488 0.931864 0.460204 0.931133 0.458955 0.92879 0.454098 0.920114 0.453386 0.918915 0.449061 0.912242 0.445022 0.907029 0.444941 0.906944 0.444872 0.906885 0.441649 0.903902 0.438589 0.90316 0.43618 0.90236 0.432041 0.902173 0.425983 0.904666 0.424809 0.905445 0.423823 0.905969
23 0.430555 0.942355 0.430277 0.94183 0.42517 0.932769 0.423609 0.92969 0.419093 0.922626 0.417372 0.919862 0.416104 0.918205 0.412372 0.914403 0.411134 0.913077 0.406618 0.910322 0.405067 0.909353 0.404911 0.909284 0.404799 0.909259 0.404452 0.909205 0.39798 0.907862 0.394475 0.908178 0.391733 0.908718 0.389341 0.909578 0.387365 0.910308 0.384972 0.912793 0.384134 0.913932 0.383795 0.914714 0.382608 0.917419 0.382331 0.918447 0.383568 0.925011 0.383768 0.926342 0.385138 0.932488 0.386293 0.937984 0.386603 0.939623 0.388649 0.946753 0.389598 0.950206 0.389876 0.950756 0.392706 0.955267 0.39455 0.957403 0.395233 0.958131 0.39708 0.958756 0.398756 0.959326 0.399476 0.959645 0.40618 0.959541 0.406855 0.959407 0.407593 0.959334 0.419969 0.956376 0.420623 0.956143 0.422301 0.955386 0.429367 0.952163 0.431128 0.950937 0.431643 0.950577 0.432017 0.949444 0.432244 0.948871 0.432314 0.948428 0.430598 0.942579
24 0.684737 0.410844 0.6895 0.412233 0.692794 0.413155 0.699719 0.415009 0.704316 0.415605 0.70859 0.415838 0.712538 0.415221 0.71617 0.414613 0.721613 0.412608 0.722073 0.412387 0.727404 0.408811 0.729755 0.407274 0.735859 0.402791 0.736426 0.402346 0.737383 0.401516 0.74161 0.397636 0.744768 0.39346 0.749462 0.388194 0.752866 0.383429 0.755645 0.378963 0.758572 0.373702 0.760598 0.369806 0.762301 0.364543 0.764273 0.358869 0.76589 0.353791 0.766014 0.353296 0.766035 0.352191 0.766008 0.349006 0.765779 0.347545 0.764558 0.343255 0.764552 0.343241 0.762102 0.33914 0.761456 0.338239 0.760365 0.336981 0.755494 0.332678 0.751285 0.330029 0.747933 0.32855 0.742325 0.32662 0.737661 0.324738 0.728632 0.322353 0.719748 0.319319 0.713449 0.317949 0.708442 0.316742 0.697832 0.31301 0.688434 0.310199 0.680643 0.307575 0.67422 0.305477 0.668853 0.30398 0.663564 0.302524 0.660236 0.301815 0.656131 0.301095 0.646955 0.300662 0.646258 0.300595 0.645589 0.300614 0.637096 0.301505 0.634565 0.302218 0.629423 0.303673 0.625176 0.304754 0.617 0.307839 0.615527 0.308753 0.607485 0.314595 0.599672 0.321552 0.597811 0.323122 0.596287 0.325311 0.592104 0.330938 0.59057 0.335653 0.589801 0.337633 0.589949 0.339438 0.589773 0.343129 0.59045 0.344785 0.59202 0.347299 0.594139 0.348628 0.598164 0.350582 0.599779 0.351285 0.607939 0.353541 0.608248 0.35363 0.6083 0.353644 0.608576 0.353663 0.618945 0.354926 0.621479 0.355094 0.630082 0.355266 0.635208 0.355264 0.637055 0.355329 0.639646 0.35664 0.647117 0.359544 0.648513 0.365588 0.648546 0.365722 0.648274 0.366102 0.643271 0.373131 0.640255 0.376563 0.638191 0.379144 0.636733 0.381394 0.634117 0.385305 0.632294 0.389454 0.632294 0.389465 0.632294 0.389465 0.633044 0.392168 0.633211 0.393603 0.635377 0.396187 0.636076 0.39678 0.638986 0.398522 0.642826 0.39932 0.647488 0.401523 0.650813 0.402202 0.654169 0.403163 0.661247 0.404922 0.66497 0.405713 0.668192 0.406231 0.67898 0.409306
24 0.841435 0.351831 0.840649 0.352316 0.834424 0.356027 0.82981 0.360872 0.829378 0.361369 0.82883 0.362477 0.82711 0.36728 0.826983 0.370723 0.8281 0.379306 0.82819 0.379807 0.828265 0.379987 0.828398 0.380323 0.832075 0.388618 0.833908 0.392494 0.836528 0.396179 0.837857 0.397652 0.838153 0.397957
26 0.186681 0.380382 0.189029 0.377245 0.188921 0.374089 0.187574 0.365135 0.185133 0.359147 0.178551 0.348555 0.176213 0.344675 0.174422 0.343581 0.172074 0.343338 0.167511 0.342308 0.16196 0.346965 0.160317 0.348624 0.158001 0.351489 0.153503 0.358248 0.152212 0.360418 0.152086 0.363092 0.153045 0.367954 0.15354 0.370491 0.155657 0.374731 0.157 0.376498 0.160732 0.379528 0.162058 0.380526 0.16291 0.380866 0.164278 0.381379 0.173304 0.383586 0.175725 0.383821 0.180694 0.383302 0.184531 0.382516
27 0.562419 0.419353 0.562396 0.416604 0.561531 0.415531 0.559994 0.414608 0.558143 0.414188 0.55224 0.415231 0.550404 0.415613 0.548988 0.416276 0.539968 0.420341 0.537172 0.421932 0.530007 0.426495 0.528922 0.427413 0.524174 0.432376 0.52029 0.438046 0.519705 0.438896 0.519627 0.439425 0.519389 0.444716 0.519494 0.445213 0.520957 0.447444 0.52159 0.448474 0.521717 0.448579 0.526548 0.450026 0.527866 0.45015 0.53309 0.450236 0.538375 0.448613 0.542664 0.447161 0.546706 0.444977 0.550152 0.442176 0.553246 0.439122 0.555788 0.436234 0.55756 0.433561 0.559643 0.429362 0.560856 0.427021 0.562166 0.422057
30 0.763255 0.814468 0.762907 0.812775 0.758633 0.807859 0.757656 0.806264 0.754771 0.803706 0.74978 0.801875 0.742473 0.800526 0.735173 0.79997 0.725323 0.800502 0.717946 0.801531 0.711035 0.802902 0.702491 0.804569 0.69874 0.805426 0.696735 0.806152 0.689873 0.808941 0.681854 0.812844 0.680298 0.814022 0.679006 0.815105 0.674973 0.820993 0.67174 0.828361 0.671401 0.829089 0.671331 0.830247 0.670963 0.838294 0.670566 0.844433 0.670657 0.847545 0.671629 0.854944 0.6725 0.85692 0.676597 0.861745 0.678773 0.863955 0.683516 0.868018 0.686772 0.869838 0.694578 0.872568 0.69584 0.873032 0.697245 0.873314 0.710156 0.874996 0.717343 0.875288 0.728844 0.875433 0.740529 0.875732 0.743776 0.875868 0.745056 0.875749 0.749584 0.874822 0.753956 0.872717 0.755309 0.872209 0.757873 0.870482 0.760115 0.867881 0.760811 0.865993 0.762008 0.860932 0.762069 0.859921 0.762891 0.847492 0.763033 0.844306 0.763456 0.829468
30 0.806781 0.872792 0.807619 0.873182 0.809737 0.873186 0.817566 0.873817 0.828695 0.87263 0.832466 0.872197 0.836388 0.871551 0.849946 0.869677 0.863083 0.867498 0.85819 0.799804 0.857548 0.799701 0.849873 0.798222 0.839423 0.796676 0.83418 0.796457 0.819837 0.796995 0.816787 0.797274 0.811452 0.798713 0.80627 0.800132 0.805444 0.800744 0.79913 0.808205 0.798835 0.808692 0.798776 0.809084 0.798597 0.81025 0.796087 0.82721 0.795557 0.831302 0.794778 0.84703 0.794748 0.849086 0.794718 0.85004 0.795465 0.859413 0.796479 0.863395 0.796638 0.8645 0.797788 0.867524 0.799624 0.869165 0.801349 0.870616
33 0.276682 0.792296 0.279447 0.79175 0.280119 0.791284 0.280337 0.791113 0.282485 0.789159 0.283365 0.787297 0.28449 0.783366 0.284726 0.781936 0.284402 0.771118 0.28416 0.768788 0.282929 0.763029 0.28115 0.7525 0.278316 0.739445 0.277799 0.737122 0.277047 0.73508 0.273978 0.725383 0.272827 0.723753 0.270124 0.717522 0.266527 0.714102 0.265903 0.713651 0.261762 0.711552 0.261331 0.711296 0.261236 0.711271 0.256455 0.710586 0.256248 0.710595 0.251731 0.711602 0.247696 0.713951 0.247371 0.714145 0.246654 0.71503 0.243044 0.718852 0.242062 0.720711 0.239928 0.728273 0.239338 0.733293 0.239036 0.7355 0.239381 0.737579 0.24036 0.744506 0.240991 0.749411 0.242026 0.753854 0.2433 0.75944 0.244724 0.764064 0.245853 0.767457 0.24749 0.771559 0.248633 0.774304 0.249299 0.775467 0.252805 0.780292 0.254845 0.782448 0.257211 0.784752 0.26099 0.787618 0.262941 0.788973 0.263879 0.789447 0.269697 0.792072 0.271606 0.792501 0.274701 0.792817 0.275551 0.792702
34 0.28178 0.814702 0.281904 0.814954 0.282981 0.816546 0.290009 0.826481 0.291537 0.828562 0.294127 0.831915 0.306565 0.846643 0.31002 0.850518 0.323735 0.865542 0.326245 0.867932 0.328832 0.870574 0.334866 0.875915 0.336122 0.876989 0.336551 0.877143 0.338288 0.877713 0.338395 0.877635 0.338955 0.876645 0.33945 0.873318 0.339662 0.872474 0.339666 0.871713 0.338941 0.861923 0.338914 0.861535 0.338884 0.861322 0.3388 0.861146 0.338129 0.859219 0.336046 0.852649 0.335614 0.851901 0.333306 0.848407 0.330268 0.844833 0.329543 0.843912 0.323016 0.836952 0.318981 0.833492 0.311965 0.826508 0.311595 0.826098 0.310797 0.825249 0.303964 0.817648 0.301546 0.815102 0.297445 0.810511 0.294358 0.807865 0.291858 0.805828 0.288594 0.804636 0.287246 0.804323 0.284052 0.804575 0.283213 0.804628 0.282028 0.805459 0.280678 0.806277 0.279933 0.80776 0.279318 0.809142
36 0.792156 0.309605 0.791964 0.309326 0.78959 0.306741 0.787181 0.30485 0.786453 0.304438 0.784342 0.304059 0.783653 0.304015 0.781876 0.30448 0.780716 0.305402 0.779187 0.307467 0.7774 0.311181 0.775608 0.315797 0.775164 0.317755 0.774083 0.3247 0.774039 0.325594 0.774008 0.32644 0.773232 0.330021 0.773149 0.330101 0.773567 0.32995 0.77463 0.330017 0.777807 0.329242 0.779669 0.328904 0.780843 0.328015 0.785152 0.32497 0.787654 0.322636 0.789793 0.319842 0.791403 0.317713 0.792404 0.315214 0.792737 0.313325 0.792253 0.310011
36 0.825896 0.341308 0.825261 0.337503 0.824904 0.335173 0.823008 0.328426 0.818616 0.318547 0.818564 0.31843 0.818533 0.31838 0.818435 0.318277 0.81208 0.31285 0.810223 0.312545 0.807955 0.31211 0.80609 0.312014 0.804786 0.312885 0.804477 0.313121 0.804493 0.316344 0.804662 0.316893 0.80484 0.318016 0.805678 0.322566 0.807272 0.32581 0.810321 0.331683 0.813241 0.336359 0.814862 0.338831 0.8186 0.3412 0.819966 0.342036 0.820501 0.342235 0.823098 0.343311 0.824461 0.342812 0.824532 0.342694
37 0.840129 0.241082 0.781947 0.263217 0.731982 0.246073 0.698026 0.224845 0.665099 0.202651 0.62528 0.202318 0.588737 0.210753 0.558912 0.226718 0.530142 0.246891 0.498769 0.2723 0.463264 0.300931 0.427249 0.331749 0.383911 0.368657 0.352506 0.399523 0.320188 0.439558 0.283523 0.499175 0.256384 0.5688 0.256509 0.651503 0.26131 0.693438 0.275692 0.745819 0.287532 0.790685 0.293497 0.781443 0.282681 0.723752 0.272805 0.665879 0.277199 0.589647 0.299891 0.530343 0.325144 0.487099 0.360298 0.464619 0.36887 0.512238 0.365159 0.57554 0.378465 0.607405 0.395894 0.637816 0.410972 0.661924 0.428209 0.691203 0.427167 0.718688 0.416344 0.723725 0.432339 0.74755 0.453116 0.76401 0.470988 0.793188 0.491868 0.823315 0.51094 0.851707 0.533443 0.88468 0.562772 0.878415 0.545018 0.854683 0.541474 0.821312 0.571682 0.785382 0.567832 0.750948 0.5423 0.739911 0.548309 0.768668 0.517272 0.75021 0.508607 0.721042 0.506517 0.681756 0.493345 0.651361 0.479095 0.616156 0.485792 0.56163 0.464605 0.585883 0.454197 0.573004 0.420286 0.446085 0.429017 0.394343 0.460428 0.380252 0.5015 0.392603 0.484825 0.349449 0.504724 0.319432 0.529235 0.293162 0.549472 0.273299 0.578637 0.25043 0.611584 0.237449 0.649265 0.238189 0.690732 0.256218 0.731101 0.274711 0.773995 0.298411 0.839366 0.304651 0.842264 0.302998
37 0.244717 0.696556 0.242465 0.692581 0.242465 0.692581 0.238384 0.692718 0.238374 0.692719 0.234931 0.695144 0.234931 0.695144 0.233836 0.696732 0.232799 0.698235 0.232799 0.698235 0.230882 0.703064 0.229481 0.709062 0.229481 0.709062 0.228648 0.714968 0.228231 0.720801 0.228259 0.726533 0.228703 0.732179 0.229494 0.737721 0.230717 0.743168 0.230811 0.743501 0.232303 0.748513 0.232342 0.748622 0.232409 0.74884 0.233181 0.751193 0.234335 0.753456 0.234393 0.753562 0.234427 0.753615 0.2374 0.758599 0.237527 0.758806 0.237528 0.758815 0.23975 0.762152 0.239751 0.762161 0.241507 0.764629 0.244573 0.768675 0.244574 0.768684 0.246916 0.771498 0.246916 0.771498 0.251214 0.772001 0.251628 0.771996 0.252421 0.771945 0.253701 0.769122 0.253643 0.768028 0.253323 0.767242 0.253257 0.767079 0.251623 0.763027 0.25161 0.762993 0.25161 0.762993 0.249612 0.757915 0.249584 0.757836 0.247649 0.752493 0.247439 0.751868 0.246087 0.747558 0.245956 0.747133 0.245933 0.746977 0.244893 0.742246 0.24488 0.7422 0.243996 0.736768 0.243408 0.731259 0.243164 0.725651 0.24317 0.719974 0.243522 0.714217 0.243522 0.714207 0.244038 0.708382 0.244038 0.708372 0.244758 0.702492 0.244758 0.702482 0.244717 0.696566
37 0.363276 0.762307 0.365615 0.764867 0.366013 0.765279 0.368446 0.767759 0.371894 0.770323 0.372286 0.770546 0.374708 0.772089 0.375553 0.772106 0.375553 0.771365 0.375285 0.771006 0.373486 0.768804 0.370686 0.765292 0.370343 0.764939 0.368052 0.762725 0.367657 0.762319 0.36522 0.759963 0.363309 0.759949
37 0.410195 0.710451 0.416284 0.70609 0.41242 0.70452 0.411295 0.701891 0.408734 0.706285 0.40946 0.707527
37 0.63704 0.861874 0.634083 0.860325 0.633495 0.860049 0.629505 0.857569 0.629182 0.857298 0.626205 0.853616 0.625962 0.853345 0.625631 0.852871 0.624869 0.85006 0.624964 0.8483 0.626179 0.8439 0.626313 0.843386 0.626419 0.843102 0.626467 0.842974 0.628416 0.837604 0.630371 0.832235 0.630558 0.831699 0.632149 0.827258 0.632309 0.826746 0.632479 0.826235 0.634105 0.821247 0.634288 0.820592 0.634342 0.820226 0.635304 0.815928 0.635937 0.810425 0.635942 0.809846 0.63573 0.805464 0.635683 0.805159 0.635619 0.804767 0.635177 0.80253 0.634366 0.800236 0.634024 0.799217 0.633848 0.798879 0.631241 0.79461 0.628587 0.791816 0.628248 0.791483 0.625534 0.789497 0.625128 0.789287 0.62048 0.787179 0.619853 0.78703 0.614143 0.786429 0.613491 0.78652 0.607586 0.78799 0.607049 0.788178 0.603365 0.78973 0.603019 0.789922 0.59991 0.792144 0.596518 0.794826 0.596077 0.7953 0.593637 0.798275 0.5932 0.798852 0.590542 0.802633 0.590146 0.803284 0.589458 0.80437 0.589064 0.805001 0.588593 0.805894 0.587039 0.80877 0.584015 0.814932 0.583946 0.815071 0.581675 0.819886 0.580542 0.822374 0.579375 0.824984 0.579045 0.825817 0.577002 0.830524 0.574929 0.835999 0.574899 0.836108 0.574821 0.836317 0.573761 0.839566 0.573281 0.841142 0.572571 0.84353 0.571782 0.846247 0.57035 0.851655 0.569301 0.856888 0.569174 0.857442 0.568404 0.862109 0.568212 0.862673 0.567437 0.867454 0.567368 0.86753 0.567299 0.867669 0.567635 0.871925 0.567082 0.872453 0.567782 0.87277 0.567769 0.872929 0.568112 0.873721 0.571681 0.877496 0.574122 0.877904 0.575307 0.878012 0.580682 0.879755 0.581857 0.87991 0.587087 0.880917 0.587833 0.880907 0.593569 0.880996 0.594271 0.880901 0.600141 0.88038 0.600831 0.88029 0.606763 0.87981 0.607445 0.879843 0.613409 0.880233 0.614083 0.880379 0.620084 0.881591 0.620765 0.881584 0.626827 0.881739 0.633976 0.879132 0.63441 0.878865 0.635235 0.878426 0.638052 0.876225 0.638897 0.87529 0.639224 0.874739 0.6418 0.869884 0.641631 0.869257 0.639919 0.864671 0.637344 0.862016
37 0.704699 0.727064 0.704021 0.726683 0.70351 0.726584 0.697588 0.725206 0.690766 0.726558 0.690123 0.72689 0.689185 0.727262 0.687354 0.727994 0.685102 0.729981 0.683917 0.731063 0.68368 0.731344 0.683171 0.731835 0.680783 0.734165 0.679746 0.736204 0.679521 0.736754 0.679484 0.737134 0.678277 0.742819 0.678915 0.748083 0.678994 0.748341 0.679549 0.750971 0.67985 0.751388 0.681673 0.754431 0.682014 0.754838 0.684476 0.757933 0.684806 0.757993 0.688626 0.759467 0.689186 0.759477 0.695223 0.759871 0.695767 0.759743 0.700427 0.758326 0.703872 0.756076 0.704244 0.755799 0.706918 0.753159 0.707108 0.752852 0.709594 0.748589 0.709811 0.748092 0.711471 0.742783 0.711554 0.742285 0.711572 0.736975 0.711456 0.736465 0.709013 0.730927 0.708863 0.730646 0.708638 0.730326
37 0.756588 0.483718 0.75967 0.478189 0.759861 0.477633 0.760918 0.474731 0.761018 0.474515 0.761072 0.47334 0.758202 0.472739 0.755101 0.472813 0.754824 0.472797 0.752365 0.473684 0.752156 0.473754 0.747922 0.475554 0.747557 0.475703 0.743717 0.477587 0.743353 0.47775 0.74089 0.479132 0.740682 0.479229 0.737132 0.481339 0.736872 0.481469 0.733352 0.483559 0.732988 0.483763 0.730484 0.485691 0.730276 0.485804 0.72641 0.488902 0.726291 0.488975 0.725977 0.489152 0.725953 0.489391 0.725887 0.492093 0.725687 0.494177 0.725774 0.494216 0.726321 0.494476 0.72957 0.496205 0.730636 0.496348 0.735884 0.496789 0.736026 0.496798 0.736078 0.496779 0.736131 0.496782 0.740647 0.496027 0.741139 0.495834 0.745414 0.493862 0.745893 0.493581 0.748414 0.492018 0.74862 0.491864 0.752344 0.488613 0.752566 0.488395 0.752887 0.488071 0.756358 0.484058 0.756496 0.483868
37 0.746819 0.413623 0.7476 0.407347 0.747771 0.406849 0.747568 0.405718 0.744984 0.405331 0.74458 0.405897 0.744351 0.40634 0.743459 0.412689 0.743484 0.413141
37 0.711446 0.438472 0.711907 0.438353 0.711676 0.437156
37 0.852845 0.727904 0.850054 0.732903 0.850165 0.73371 0.850061 0.737725 0.850394 0.738516 0.851993 0.743837 0.852165 0.744102 0.854314 0.74738
37 0.837534 0.485545 0.833517 0.483548 0.833057 0.483357 0.829907 0.482042 0.829593 0.48192 0.825027 0.479999 0.824527 0.479792 0.819416 0.47764 0.818925 0.477438 0.815886 0.476218 0.815585 0.4761 0.811567 0.476142 0.811077 0.476137 0.808845 0.479113 0.810822 0.485322 0.810902 0.485892 0.813235 0.489377 0.813469 0.489764 0.818045 0.493018 0.818095 0.493071 0.818204 0.493145 0.821269 0.495009 0.823925 0.496265 0.823985 0.496296 0.824054 0.496327 0.830441 0.498673 0.83103 0.498925 0.838023 0.49975 0.838054 0.49977 0.838085 0.499769
37 0.837286 0.415123 0.836887 0.415131 0.83648 0.415652 0.836243 0.416094 0.836028 0.422291 0.83626 0.422962 0.837024 0.422946
38 0.772032 0.310678 0.771731 0.307234 0.771624 0.30657 0.771461 0.306114 0.769622 0.301698 0.76729 0.298505 0.765705 0.296466 0.764086 0.294857 0.755996 0.288955 0.754849 0.288262 0.754367 0.28795 0.753707 0.287546 0.738532 0.279303 0.738133 0.279113 0.72333 0.272308 0.719514 0.27054 0.707531 0.26532 0.69831 0.261135 0.690406 0.257564 0.68411 0.254764 0.675547 0.250988 0.672787 0.249775 0.66521 0.246847 0.662637 0.245837 0.661609 0.245511 0.65178 0.242392 0.641409 0.239189 0.641322 0.23916 0.641268 0.23915 0.64109 0.239127 0.632117 0.23786 0.628236 0.237799 0.623703 0.237954 0.615488 0.238846 0.614906 0.238936 0.61407 0.239126 0.60681 0.240971 0.599858 0.24374 0.596847 0.244888 0.592031 0.247156 0.585315 0.250502 0.581052 0.253257 0.575266 0.256493 0.5705 0.259966 0.563381 0.265369 0.556182 0.270784 0.548689 0.276913 0.545812 0.279102 0.544003 0.280656 0.540619 0.283485 0.537641 0.286227 0.534735 0.289228 0.531674 0.292177 0.529285 0.294545 0.526974 0.296948 0.526122 0.297887 0.524935 0.299394 0.523441 0.301291 0.522658 0.302412 0.521604 0.303642 0.519848 0.306039 0.519362 0.3067 0.517611 0.308957 0.517029 0.30978 0.516881 0.309997 0.514087 0.313186 0.513457 0.313946 0.512854 0.314628 0.510774 0.316944 0.510432 0.317349 0.510214 0.317593 0.50959 0.318292 0.507596 0.320408 0.506881 0.321198 0.504851 0.323535 0.502682 0.326312 0.502345 0.326711 0.501503 0.327705 0.499425 0.330261 0.497589 0.33255 0.496922 0.33344 0.494348 0.337574 0.49403 0.338092 0.493977 0.338176 0.490668 0.345142 0.489625 0.347545 0.486376 0.355977 0.485809 0.357417 0.485304 0.359725 0.483865 0.366749 0.48338 0.372487 0.483276 0.373937 0.483642 0.375557 0.484571 0.379787 0.486433 0.38294 0.487905 0.385472 0.489472 0.387045 0.493091 0.3905 0.495988 0.392239 0.501345 0.395249 0.510081 0.397782 0.513409 0.398963 0.515984 0.399621 0.527437 0.400839 0.530203 0.401196 0.538896 0.401373 0.539637 0.401402 0.547694 0.401025 0.557295 0.399914 0.561151 0.399818 0.5755 0.397764 0.57644 0.397701 0.577266 0.397616 0.583334 0.396545 0.590526 0.395174 0.59542 0.393985 0.602503 0.392317 0.604238 0.391974 0.60731 0.391117 0.61738 0.387825 0.624523 0.385208 0.627906 0.383389 0.632058 0.38132 0.63557 0.378976 0.638545 0.377153 0.641765 0.374487 0.644713 0.371879 0.646376 0.369761 0.647103 0.368941 0.647395 0.368301 0.648015 0.366727 0.647907 0.365268 0.647571 0.364035 0.646295 0.362085 0.644624 0.360527 0.643199 0.359415 0.640346 0.357862 0.63957 0.357476 0.633164 0.355046 0.63308 0.355016 0.632973 0.354988 0.625057 0.352418 0.620278 0.35103 0.617248 0.35004 0.615104 0.349339 0.609468 0.347661 0.605034 0.34606 0.601202 0.344895 0.596836 0.343316 0.595128 0.342698 0.592674 0.341573 0.590133 0.340023 0.589982 0.339943 0.587202 0.337408 0.586154 0.336574 0.583549 0.333204 0.582133 0.331075 0.581539 0.329903 0.581302 0.327562 0.58173 0.326518 0.582015 0.325592 0.582268 0.325189 0.583835 0.323787 0.585214 0.322931 0.586589 0.322001 0.58798 0.320994 0.591668 0.319301 0.592869 0.31891 0.593945 0.318676 0.597031 0.317698 0.600087 0.316466 0.602763 0.315496 0.607792 0.313993 0.611874 0.312504 0.61559 0.311162 0.620236 0.309878 0.623824 0.30894 0.630776 0.30741 0.632674 0.307049 0.638715 0.30628 0.643375 0.306092 0.646441 0.306047 0.650318 0.306305 0.654893 0.306593 0.659022 0.307164 0.6645 0.307914 0.673913 0.309502 0.675418 0.309772 0.676091 0.309908 0.685957 0.311899 0.687826 0.312375 0.701082 0.315303 0.702596 0.31572 0.703913 0.316066 0.71964 0.319668 0.721235 0.320063 0.721386 0.320088 0.72168 0.320148 0.734591 0.323279 0.739314 0.324356 0.742094 0.324985 0.744975 0.325531 0.749713 0.326147 0.752476 0.326627 0.753605 0.326674 0.757474 0.326851 0.757777 0.326764 0.760178 0.325885 0.761168 0.325585 0.762785 0.324479 0.764944 0.323011 0.765864 0.321833 0.768271 0.318981 0.770438 0.315375 0.771081 0.314495 0.77151 0.312924
38 0.84244 0.308655 0.837247 0.313106 0.835194 0.315254 0.832722 0.318076 0.831925 0.3196 0.83142 0.321568 0.831325 0.32457 0.831332 0.326383 0.831985 0.329474 0.833055 0.332069 0.833919 0.333781 0.834803 0.335269 0.836971 0.337933 0.839616 0.340538 0.840638 0.341184 0.841432 0.34169 0.841987 0.342037
40 0.373698 0.610218 0.371956 0.612481 0.369777 0.616279 0.369695 0.616485 0.368628 0.62201 0.36816 0.624984 0.367569 0.631938 0.368075 0.640192 0.368426 0.643719 0.369502 0.650852 0.370044 0.654162 0.371217 0.658881 0.372783 0.663592 0.373501 0.666709 0.375641 0.672292 0.379786 0.678348 0.380035 0.678811 0.380278 0.679088 0.386455 0.685413 0.386767 0.685786 0.387209 0.685968 0.392293 0.688408 0.394768 0.689401 0.401675 0.690816 0.404504 0.691235 0.415102 0.692522 0.415318 0.692528 0.415505 0.692475 0.42129 0.691839 0.423263 0.69085 0.424324 0.689894 0.426119 0.687456 0.426375 0.686862 0.426489 0.685584 0.426619 0.683031 0.425945 0.68088 0.424967 0.678384 0.423309 0.675142 0.421702 0.671962 0.418035 0.666298 0.415338 0.662663 0.413181 0.659627 0.405711 0.648062 0.402973 0.643794 0.400297 0.639408 0.393949 0.627649 0.387355 0.617799 0.386335 0.616414 0.382038 0.611475 0.378531 0.609908 0.377103 0.609597 0.3742 0.609881
50 0.796681 0.616021 0.797925 0.615679 0.797586 0.611814 0.79856 0.605609 0.797817 0.600584 0.797108 0.58814 0.796915 0.584945 0.796659 0.580859 0.795626 0.568603 0.795675 0.565556 0.795771 0.560316 0.795916 0.558646 0.79789 0.546074 0.797424 0.541572 0.795201 0.534401 0.795167 0.534251 0.795114 0.534079 0.793176 0.529164 0.787017 0.527306 0.784762 0.526635 0.776922 0.525652 0.775756 0.525573 0.775579 0.525611 0.771676 0.52707 0.770752 0.527898 0.76944 0.53141 0.76832 0.538144 0.767881 0.541572 0.767673 0.55374 0.767624 0.554711 0.766373 0.570014 0.765249 0.582876 0.763816 0.594727 0.7622 0.60437 0.761804 0.609282 0.762664 0.612382 0.762829 0.615511 0.763665 0.616647 0.767306 0.619809 0.767956 0.61992 0.771052 0.619703 0.77862 0.619503 0.780887 0.619398 0.78418 0.618866 0.793238 0.617758
52 0.286495 0.677895 0.283234 0.676892 0.278263 0.674925 0.277221 0.674971 0.275103 0.676309 0.273892 0.677151 0.273338 0.679286 0.273021 0.681994 0.272845 0.68365 0.272578 0.686525 0.272154 0.695611 0.272835 0.701874 0.273665 0.705764 0.276242 0.716841 0.277277 0.72078 0.277431 0.721403 0.279763 0.731218 0.282917 0.743081 0.283149 0.74391 0.283302 0.74526 0.286534 0.76448 0.288786 0.775596 0.28987 0.780065 0.290989 0.785117 0.294145 0.796083 0.296949 0.802825 0.299341 0.807548 0.301024 0.810815 0.303635 0.815224 0.305864 0.817876 0.307123 0.819096 0.309127 0.820922 0.3097 0.821319 0.310055 0.821243 0.310617 0.819103 0.310667 0.818788 0.310826 0.808428 0.310788 0.807672 0.310765 0.807146 0.310774 0.805594 0.310496 0.793052 0.31152 0.782062 0.311625 0.780579 0.311756 0.780144 0.314299 0.769349 0.315329 0.767184 0.319861 0.758058 0.319999 0.7578 0.320155 0.757558 0.326623 0.748814 0.328156 0.747359 0.33432 0.742525 0.334909 0.742154 0.335867 0.741309 0.340125 0.738282 0.340202 0.736667 0.340496 0.734325 0.339335 0.729719 0.338814 0.728448 0.335422 0.72442 0.331042 0.718757 0.329028 0.716819 0.3209 0.708445 0.315758 0.702993 0.312832 0.700057 0.303052 0.691 0.29926 0.687504 0.290241 0.680244 0.287516 0.678175
53 0.545247 0.480783 0.545309 0.481839 0.54587 0.482273 0.548778 0.486564 0.550863 0.488979 0.553723 0.489729 0.558123 0.489892 0.56198 0.489654 0.569201 0.488778 0.574193 0.487856 0.579735 0.486261 0.58663 0.485231 0.594717 0.483575 0.600285 0.482978 0.609807 0.482215 0.615063 0.481341 0.618387 0.480518 0.625569 0.479589 0.630016 0.478839 0.633093 0.477759 0.636319 0.474883 0.638743 0.471781 0.640921 0.467788 0.643564 0.461246 0.645837 0.454128 0.648442 0.445194 0.64846 0.445081 0.648711 0.437411 0.648845 0.433008 0.648699 0.429481 0.647431 0.425103 0.646114 0.421554 0.645037 0.418575 0.640566 0.41179 0.636039 0.408154 0.631297 0.405465 0.627336 0.404709 0.617481 0.402592 0.615665 0.402212 0.613938 0.402196 0.60289 0.403087 0.602317 0.403227 0.589096 0.406475 0.588709 0.406588 0.587218 0.407025 0.579733 0.409588 0.576381 0.41221 0.573399 0.414849 0.572347 0.416101 0.566894 0.423514 0.566494 0.424125 0.562913 0.429922 0.559653 0.434555 0.557229 0.438181 0.553926 0.442512 0.551659 0.446351 0.548856 0.450809 0.547594 0.453118 0.54655 0.456228 0.544755 0.460319 0.544081 0.462882 0.543624 0.464433 0.542943 0.470293 0.543309 0.473462 0.54337 0.47714
54 0.757464 0.465601 0.757955 0.463735 0.756721 0.457977 0.756136 0.456327 0.754973 0.453821 0.750796 0.445048 0.747066 0.437563 0.744983 0.433659 0.743875 0.431681 0.741441 0.427367 0.737804 0.420602 0.735752 0.417416 0.733016 0.415067 0.730335 0.413989 0.728282 0.414395 0.725637 0.415454 0.721218 0.418775 0.72025 0.419856 0.71619 0.425554 0.71233 0.433525 0.711903 0.434767 0.709842 0.439627 0.708176 0.443535 0.708 0.443838 0.706881 0.447129 0.704476 0.454386 0.704434 0.455238 0.703986 0.460717 0.703887 0.462557 0.703887 0.462743 0.704824 0.468988 0.705608 0.473815 0.706369 0.476131 0.707741 0.479656 0.709519 0.482431 0.711315 0.485116 0.714984 0.48773 0.715943 0.488428 0.721249 0.489672 0.72184 0.48976 0.723195 0.489695 0.727617 0.489181 0.729965 0.488284 0.731772 0.487658 0.736294 0.485067 0.737324 0.48448 0.745263 0.480368 0.748362 0.478748 0.752461 0.47611 0.754357 0.473806 0.756099 0.470372 0.756436 0.469567
54 0.83676 0.437808 0.830715 0.443676 0.823854 0.45043 0.818431 0.456135 0.816418 0.458557 0.813641 0.463941 0.813355 0.465576 0.813128 0.468375 0.812977 0.470754 0.813573 0.472609 0.814878 0.476109 0.816158 0.478173 0.818471 0.48084 0.824375 0.483915 0.824686 0.484082 0.826096 0.484606 0.832713 0.487191 0.83765 0.488786
55 0.587198 0.763008 0.583389 0.764952 0.583003 0.765095 0.582806 0.765264 0.581331 0.766936 0.57937 0.769567 0.578928 0.773098 0.57873 0.779628 0.578492 0.782305 0.577697 0.786432 0.576573 0.793627 0.573982 0.801222 0.5737 0.802205 0.572566 0.80367 0.569381 0.808339 0.568142 0.809118 0.559623 0.813633 0.559428 0.813734 0.559393 0.813751 0.558869 0.813928 0.549853 0.817028 0.549172 0.817338 0.542879 0.820366 0.539891 0.822813 0.537596 0.824833 0.535571 0.829706 0.535545 0.829759 0.535543 0.829795 0.5363 0.838444 0.536589 0.839852 0.538386 0.847197 0.540728 0.852311 0.542654 0.855951 0.548532 0.865682 0.548634 0.86585 0.548676 0.865907 0.556292 0.874957 0.561006 0.878862 0.562707 0.880091 0.568434 0.882415 0.569938 0.883048 0.570201 0.883125 0.570628 0.883089 0.574868 0.883021 0.579416 0.882602 0.583111 0.882126 0.593507 0.87993 0.594078 0.879812 0.594588 0.879585 0.603586 0.877232 0.607897 0.874585 0.611274 0.873099 0.618488 0.867813 0.619285 0.866914 0.619868 0.866189 0.620907 0.865312 0.626771 0.859722 0.629202 0.857344 0.636852 0.851553 0.637215 0.85123 0.638297 0.849358 0.64181 0.843088 0.642145 0.84216 0.644416 0.835083 0.645309 0.830335 0.645805 0.827894 0.646439 0.817742 0.646428 0.817128 0.646035 0.815802 0.644913 0.804834 0.643466 0.800817 0.642908 0.798745 0.641281 0.794189 0.639377 0.790451 0.635249 0.784802 0.633268 0.782226 0.62768 0.776659 0.626581 0.775871 0.624547 0.774851 0.619834 0.77174 0.612198 0.768864 0.610833 0.768413 0.609355 0.767969 0.602192 0.765331 0.59828 0.764777 0.591217 0.763287 0.590109 0.763224
57 0.683285 0.462427 0.68627 0.455608 0.688999 0.449345 0.695506 0.43502 0.696816 0.428821 0.697088 0.427812 0.697045 0.42708 0.695821 0.422691 0.695141 0.421034 0.690631 0.417318 0.689233 0.416189 0.687219 0.415349 0.680203 0.412641 0.667995 0.410435 0.666602 0.410061 0.664028 0.409546 0.660627 0.409875 0.65538 0.410497 0.650797 0.412019 0.649722 0.412924 0.646071 0.420069 0.645638 0.424354 0.64723 0.434142 0.646839 0.446727 0.647075 0.448165 0.646563 0.45184 0.644903 0.462179 0.6437 0.465523 0.642423 0.476763 0.641891 0.478402 0.641771 0.481449 0.641687 0.48288 0.642023 0.485008 0.642393 0.487236 0.642582 0.488239 0.645152 0.493998 0.647555 0.496816 0.649791 0.50027 0.650921 0.501139 0.653447 0.502763 0.656414 0.502787 0.658498 0.50223 0.661561 0.500034 0.663063 0.499163 0.666549 0.494614 0.668194 0.492402 0.669232 0.490398 0.675775 0.478029
67 0.523433 0.905839 0.524788 0.903045 0.524891 0.898642 0.525095 0.895644 0.524736 0.889402 0.525142 0.884409 0.524301 0.879766 0.524055 0.874882 0.522821 0.869559 0.522572 0.868806 0.521576 0.866689 0.518169 0.858307 0.515459 0.853668 0.513398 0.849786 0.508355 0.841948 0.506518 0.838778 0.49819 0.826764 0.498132 0.826678 0.49808 0.826601 0.489556 0.814353 0.488096 0.812168 0.479078 0.799313 0.476941 0.795818 0.469706 0.785007 0.465822 0.779112 0.465286 0.778335 0.462906 0.775002 0.455771 0.764533 0.449032 0.756297 0.446706 0.753557 0.444988 0.751597 0.441092 0.74703 0.438929 0.744931 0.436216 0.742641 0.435651 0.742199 0.435533 0.742175 0.434608 0.742362 0.434381 0.743253 0.433391 0.745127 0.432169 0.750747 0.432031 0.751898 0.431882 0.754027 0.431615 0.762428 0.432502 0.774908 0.432657 0.776478 0.432755 0.777078 0.433565 0.786894 0.435119 0.801931 0.435175 0.803285 0.436607 0.82028 0.43713 0.829757 0.437945 0.838044 0.438484 0.843995 0.439536 0.858034 0.439906 0.861331 0.4403 0.865266 0.44192 0.878069 0.44218 0.881986 0.444092 0.892031 0.444304 0.892433 0.4445 0.893292 0.447708 0.902952 0.449025 0.907684 0.451099 0.912138 0.453507 0.916038 0.456187 0.920079 0.458962 0.92431 0.462518 0.928718 0.464763 0.931194 0.465883 0.932494 0.46903 0.935394 0.469715 0.935971 0.472311 0.936812 0.472917 0.936813 0.476539 0.936082 0.479849 0.935317 0.480274 0.935209 0.480999 0.93495 0.488822 0.931854 0.49528 0.928776 0.501015 0.925737 0.507874 0.92164 0.511183 0.919417 0.513205 0.91814 0.518427 0.913856 0.519568 0.912952 0.519904 0.912552 0.522533 0.908618
69 0.837544 0.409153 0.837482 0.409121 0.836481 0.408589 0.836065 0.408101 0.830753 0.399731 0.829856 0.398179 0.825712 0.392071 0.824014 0.389528 0.823595 0.389024 0.820917 0.387208 0.819541 0.386234 0.819359 0.386203 0.818203 0.386661 0.816087 0.38757 0.814239 0.389522 0.809764 0.394307 0.806763 0.398426 0.797743 0.408528 0.795294 0.411569 0.793553 0.4125 0.788819 0.41575 0.785651 0.415823 0.782426 0.415748 0.778649 0.409165 0.775919 0.404418 0.775072 0.401487 0.770617 0.387084 0.7705 0.386704 0.770469 0.386609 0.770224 0.385946 0.767109 0.377971 0.766861 0.377669 0.76458 0.378497 0.763503 0.379451 0.760701 0.382883 0.759875 0.38368 0.759403 0.384454 0.758068 0.386035 0.752825 0.392319 0.748632 0.396463 0.747585 0.397432 0.743777 0.401056 0.742292 0.402854 0.741226 0.404575 0.741124 0.407291 0.741102 0.408444 0.741029 0.409153 0.741212 0.415724 0.741528 0.418217 0.743733 0.425677 0.745699 0.4317 0.74985 0.441541 0.754414 0.449495 0.756095 0.4525 0.760749 0.457801 0.761783 0.45892 0.763535 0.459776 0.766963 0.461931 0.770777 0.461979 0.771097 0.461956 0.771283 0.461796 0.774833 0.459219 0.779473 0.454728 0.780208 0.454023 0.781814 0.454303 0.787094 0.454222 0.788795 0.455936 0.794227 0.459045 0.79569 0.460535 0.796525 0.460999 0.803273 0.46281 0.803774 0.462738 0.807076 0.460705 0.812581 0.457788 0.813756 0.457013 0.818137 0.452461 0.826707 0.44437 0.829826 0.440409 0.836828 0.432014
75 0.822922 0.977156 0.823514 0.976492 0.823129 0.975036 0.822649 0.974574 0.819645 0.973923 0.81227 0.974008 0.810428 0.974105 0.807511 0.97414 0.79042 0.974927 0.780452 0.975192 0.771781 0.975223 0.763961 0.974592 0.752598 0.973549 0.752046 0.973497 0.745575 0.973023 0.743038 0.973383 0.740399 0.974027 0.737342 0.974587 0.73628 0.975086 0.736832 0.975962 0.738484 0.977839 0.73895 0.97922 0.740054 0.982062 0.746038 0.987128 0.746714 0.987552 0.747601 0.987898 0.75969 0.991038 0.769303 0.993892 0.769449 0.993927 0.77994 0.99441 0.781054 0.994397 0.790287 0.993244 0.796001 0.992437 0.796663 0.992333 0.799047 0.991575 0.807414 0.988538 0.811704 0.985836 0.815661 0.983056 0.816474 0.982284 0.817732 0.981727 0.819572 0.980132
77 0.699957 0.483873 0.696415 0.487571 0.695323 0.489204 0.692799 0.493054 0.690036 0.498456 0.688469 0.501159 0.685099 0.510343 0.684487 0.512079 0.683664 0.514518 0.680159 0.52716 0.678309 0.533794 0.6769 0.542551 0.676827 0.54311 0.676804 0.543501 0.676571 0.553449 0.676373 0.558211 0.676579 0.569719 0.67673 0.573056 0.679166 0.588115 0.679335 0.589109 0.679354 0.589196 0.679372 0.589284 0.679452 0.589546 0.683546 0.603024 0.68478 0.605629 0.689613 0.613308 0.690358 0.614335 0.691727 0.615892 0.698213 0.623393 0.703586 0.62843 0.708665 0.632934 0.712381 0.635357 0.71646 0.637435 0.71934 0.638521 0.721745 0.638726 0.72618 0.638341 0.730674 0.637772 0.733089 0.636917 0.737298 0.634868 0.740891 0.632469 0.745188 0.629105 0.748715 0.62573 0.753895 0.621248 0.757049 0.617804 0.759258 0.614836 0.762575 0.608485 0.763012 0.607456 0.763216 0.606873 0.765077 0.596751 0.766316 0.589672 0.766455 0.589086 0.766543 0.588532 0.76845 0.570241 0.768564 0.567183 0.768449 0.55642 0.768377 0.548546 0.767954 0.542397 0.767079 0.536207 0.765411 0.530905 0.764112 0.526926 0.760188 0.51993 0.758725 0.517196 0.757387 0.515784 0.752303 0.509835 0.750662 0.507924 0.744255 0.503233 0.744141 0.503158 0.744134 0.503147 0.736201 0.499146 0.734645 0.498368 0.730462 0.49717 0.726232 0.496242 0.723914 0.495613 0.721483 0.494778 0.719305 0.493273 0.71758 0.492389 0.713897 0.489113 0.713078 0.488378 0.71295 0.488211 0.712794 0.488044 0.70725 0.483274 0.705857 0.482969 0.702729 0.482792 0.700159 0.483761
77 0.803895 0.522914 0.799641 0.533717 0.797077 0.546192 0.79643 0.550051 0.796052 0.552162 0.795028 0.557787 0.79388 0.565917 0.794006 0.572392 0.794564 0.578481 0.795387 0.585704 0.795727 0.592347 0.796662 0.596103 0.798217 0.601459 0.799213 0.604389 0.802959 0.612588 0.805978 0.617447 0.806539 0.618286 0.811564 0.622736 0.812961 0.623781 0.814318 0.624899 0.820213 0.629589 0.8218 0.630366 0.827761 0.63295 0.835363 0.635685 0.835843 0.635867 0.836094 0.635917 0.843312 0.635864 0.845989 0.635326 0.846097 0.63529 0.838135 0.500959 0.837164 0.501215 0.835662 0.501743 0.832913 0.5029 0.82445 0.506217 0.817713 0.51 0.814513 0.512321 0.809537 0.515951 0.804568 0.521804 0.804225 0.522327 0.804062 0.522551
79 0.752864 0.730105 0.752011 0.733436 0.7509 0.744309 0.751463 0.747119 0.751952 0.751163 0.752407 0.755949 0.754063 0.758213 0.754642 0.758733 0.755695 0.758632 0.75981 0.758037 0.762461 0.75815 0.763774 0.757526 0.766995 0.753317 0.767103 0.753116 0.767919 0.751839 0.769435 0.749342 0.771669 0.743257 0.773406 0.739586 0.777474 0.734339 0.778729 0.733272 0.781485 0.734213 0.78506 0.735849 0.78701 0.739108 0.788042 0.741964 0.788874 0.74244 0.790089 0.743547 0.7945 0.752959 0.796338 0.7547 0.797917 0.756212 0.802436 0.756769 0.802844 0.7568 0.803008 0.756724 0.80321 0.756784 0.807089 0.755616 0.80735 0.755073 0.809151 0.750572 0.809275 0.741254 0.809398 0.740296 0.809382 0.739621 0.807014 0.724706 0.806742 0.722816 0.803097 0.709364 0.803018 0.709196 0.801845 0.707155 0.79875 0.701797 0.798609 0.701549 0.79434 0.696698 0.792076 0.695242 0.787858 0.694416 0.784415 0.693627 0.782547 0.693347 0.778029 0.693138 0.77649 0.693343 0.770707 0.694793 0.769784 0.695304 0.766324 0.697269 0.762866 0.700683 0.762348 0.701172 0.76205 0.701748 0.75875 0.709195 0.757284 0.713466 0.753807 0.726947
85 0.662054 0.592078 0.661196 0.593383 0.660922 0.594339 0.660541 0.595936 0.66282 0.60727 0.663025 0.608544 0.663125 0.608943 0.66357 0.610292 0.668762 0.624118 0.672983 0.632197 0.674654 0.634951 0.679559 0.642054 0.683053 0.646746 0.685106 0.648919 0.692463 0.655264 0.698058 0.658701 0.701006 0.660634 0.703568 0.661256 0.707614 0.662243 0.710571 0.661689 0.714098 0.660602 0.717926 0.65788 0.71993 0.65635 0.720612 0.654779 0.722572 0.650257 0.721949 0.646947 0.721931 0.646863 0.720804 0.64322 0.717335 0.64064 0.712701 0.63753 0.711862 0.636849 0.705286 0.630845 0.697982 0.623809 0.695706 0.621291 0.693762 0.618589 0.688049 0.60999 0.684304 0.603549 0.681531 0.599967 0.679392 0.597285 0.677339 0.594514 0.670828 0.59091 0.670813 0.590899 0.670813 0.590899 0.670781 0.590899 0.66575 0.589846 0.665041 0.589889 0.663954 0.59051 0.662451 0.590957
85 0.846411 0.639816 0.84626 0.640103 0.844763 0.642028 0.844394 0.642789 0.84377 0.646803 0.843056 0.649657 0.843721 0.650986 0.846052 0.65466 0.847028 0.657483 0.847367 0.657709 0.84767 0.657712
91 0.818638 0.505362 0.821774 0.500821 0.821981 0.499634 0.821078 0.496816 0.819533 0.494685 0.81475 0.488875 0.810031 0.482438 0.807431 0.479384 0.803654 0.475442 0.800081 0.47301 0.798949 0.472226 0.793039 0.47091 0.792786 0.470908 0.792201 0.470858 0.7834 0.470189 0.776363 0.469131 0.774672 0.468979 0.773627 0.469055 0.768863 0.469338 0.765765 0.471293 0.764179 0.472835 0.761126 0.47686 0.75823 0.480465 0.756507 0.482576 0.75145 0.489219 0.748343 0.492294 0.746954 0.494796 0.746872 0.495297 0.74619 0.498829 0.746161 0.499468 0.747654 0.503135 0.750026 0.506804 0.754385 0.511596 0.759106 0.515595 0.768896 0.520932 0.771134 0.522589 0.772428 0.522811 0.77754 0.523503 0.782561 0.524413 0.789823 0.524162 0.795194 0.523363 0.799507 0.520911 0.802374 0.519539 0.806077 0.516826 0.808194 0.515557 0.815437 0.508922 0.817438 0.507507
95 0.749375 0.723975 0.747025 0.724017 0.74533 0.724548 0.737538 0.727882 0.737029 0.728019 0.735908 0.728767 0.726829 0.734486 0.72434 0.736071 0.719675 0.741443 0.717763 0.743122 0.714763 0.748758 0.714426 0.749445 0.714359 0.750496 0.714083 0.753527 0.716291 0.75698 0.716525 0.757215 0.717299 0.757515 0.723349 0.759259 0.72609 0.759409 0.732886 0.758879 0.736703 0.758129 0.740157 0.755385 0.742143 0.752517 0.746807 0.744176 0.74814 0.740947 0.750568 0.728324 0.750703 0.727549 0.750636 0.727289
95 0.811866 0.723729 0.811919 0.725387 0.812186 0.731503 0.812418 0.733166 0.812553 0.733698 0.812609 0.73481 0.814334 0.743623 0.817788 0.748982 0.818196 0.749268 0.818664 0.749837 0.822235 0.753223 0.824933 0.754056 0.828657 0.754868 0.834331 0.754581 0.838194 0.754388 0.842613 0.75271 0.8459 0.750659 0.847557 0.748152 0.848274 0.746756 0.848215 0.745161 0.846977 0.741076 0.842813 0.737297 0.836751 0.732826 0.829707 0.728321 0.823954 0.724442 0.82136 0.723744 0.815807 0.721553 0.814212 0.721929 0.813198 0.722406
98 0.767369 0.916707 0.769095 0.917552 0.774209 0.918074 0.774544 0.918139 0.775342 0.918088 0.782123 0.917795 0.784482 0.917295 0.789524 0.915589 0.790388 0.915056 0.792011 0.912861 0.792847 0.911851 0.79329 0.910706 0.794173 0.908353 0.794421 0.905752 0.794826 0.900059 0.794983 0.894848 0.795097 0.87672 0.795115 0.865919 0.795465 0.831091 0.795506 0.824351 0.795415 0.822758 0.794789 0.805475 0.794606 0.804473 0.793344 0.800718 0.791145 0.798683 0.789085 0.796617 0.784637 0.795019 0.782843 0.794305 0.780673 0.794611 0.777042 0.794547 0.774211 0.795392 0.772219 0.795872 0.770448 0.797253 0.768208 0.799026 0.766464 0.801478 0.765708 0.802889 0.764051 0.812085 0.764008 0.812275 0.763935 0.813526 0.762169 0.836474 0.761694 0.84279 0.761702 0.84824 0.761575 0.852965 0.761265 0.893946 0.761287 0.894117 0.763252 0.906163 0.764555 0.913752 0.764995 0.914969 0.765724 0.915583
101 0.142559 0.753882 0.142155 0.754577 0.141761 0.755166 0.140145 0.757934 0.140323 0.75984 0.140363 0.761567 0.141734 0.765372 0.142417 0.766764 0.143066 0.768239 0.146534 0.774559 0.151458 0.782344 0.154024 0.786155 0.159943 0.794348 0.160888 0.795741 0.165919 0.802994 0.166947 0.804404 0.175905 0.816602 0.176089 0.816863 0.181554 0.824057 0.187101 0.831232 0.192006 0.837343 0.198132 0.844875 0.199647 0.846738 0.20996 0.857906 0.210425 0.8584 0.210958 0.858964 0.224532 0.872524 0.227915 0.875627 0.236221 0.882902 0.239133 0.885405 0.248557 0.893092 0.254964 0.898392 0.266415 0.907123 0.267538 0.908005 0.268712 0.908942 0.278886 0.916938 0.285088 0.921222 0.292212 0.926498 0.296092 0.929244 0.301959 0.932993 0.305095 0.934365 0.308412 0.935899 0.310759 0.936368 0.311547 0.936435 0.313738 0.93623 0.3146 0.936011 0.317408 0.9346 0.318017 0.934228 0.318829 0.933365 0.321839 0.930416 0.324762 0.926402 0.324991 0.926089 0.325697 0.924907 0.33007 0.917792 0.331871 0.914714 0.33591 0.9067 0.336821 0.90495 0.337616 0.903067 0.340329 0.896624 0.340557 0.893157 0.34071 0.892349 0.340661 0.891667 0.340432 0.888794 0.339625 0.886599 0.338724 0.884526 0.337358 0.882133 0.335726 0.879423 0.333393 0.876591 0.330901 0.873267 0.323944 0.865393 0.323788 0.865185 0.323592 0.864955 0.315662 0.8556 0.309059 0.847905 0.303826 0.841782 0.297602 0.834692 0.292113 0.828199 0.286785 0.821695 0.284217 0.818585 0.279173 0.812508 0.276487 0.809125 0.275613 0.807953 0.272139 0.803844 0.266021 0.796454 0.264716 0.794936 0.258125 0.786758 0.255434 0.783388 0.252658 0.779662 0.249328 0.774424 0.246131 0.769102 0.244493 0.766215 0.241898 0.761299 0.237278 0.752193 0.23318 0.744931 0.232459 0.743498 0.231693 0.742431 0.228255 0.737451 0.225962 0.735185 0.224534 0.734122 0.221061 0.732603 0.220697 0.732481 0.219561 0.732369 0.215484 0.732076 0.208383 0.732669 0.206587 0.732813 0.203359 0.733225 0.193362 0.734752 0.184325 0.736104 0.182001 0.736708 0.169812 0.741159 0.168894 0.741445 0.167538 0.741882 0.155364 0.746053 0.151291 0.747838 0.147993 0.74955 0.146842 0.750062
102 0.340252 0.901918 0.339883 0.90222 0.339648 0.902576 0.334023 0.910099 0.327017 0.921648 0.324969 0.925078 0.324171 0.926587 0.319858 0.934278 0.319748 0.935264 0.31956 0.93844 0.31992 0.940252 0.320766 0.941537 0.322998 0.943625 0.323665 0.944141 0.326031 0.945127 0.329957 0.946669 0.33506 0.948433 0.339754 0.950058 0.341574 0.950742 0.354433 0.955012 0.357206 0.955813 0.361202 0.956923 0.367917 0.958723 0.374564 0.959682 0.376078 0.959886 0.377016 0.960016 0.378977 0.959753 0.383292 0.959527 0.383946 0.95912 0.387007 0.956767 0.38789 0.955024 0.388467 0.949551 0.388516 0.948194 0.388074 0.945234 0.387074 0.938607 0.385253 0.93212 0.384527 0.929293 0.380752 0.920157 0.380412 0.919355 0.37583 0.913211 0.375047 0.911942 0.372797 0.910185 0.366365 0.905732 0.358769 0.902051 0.356727 0.900811 0.355317 0.900287 0.348985 0.898495 0.347347 0.89843 0.344564 0.898811
106 0.660147 0.625651 0.661317 0.623494 0.661484 0.620111 0.661749 0.616753 0.661769 0.613787 0.661498 0.61129 0.660724 0.603887 0.659836 0.600132 0.658144 0.588666 0.657953 0.587446 0.657567 0.585376 0.656485 0.579287 0.656027 0.570678 0.655962 0.569591 0.655635 0.566594 0.654124 0.552398 0.653568 0.54808 0.650607 0.527045 0.650476 0.526125 0.650424 0.525893 0.647194 0.510597 0.64533 0.504943 0.644045 0.501257 0.643316 0.499743 0.641696 0.496306 0.638745 0.490986 0.634867 0.486894 0.632628 0.485798 0.628494 0.483942 0.625229 0.483056 0.617455 0.482698 0.607982 0.481674 0.606495 0.481663 0.597464 0.482206 0.592572 0.483023 0.586382 0.483733 0.58278 0.48457 0.57502 0.486878 0.571647 0.488183 0.563183 0.492157 0.563121 0.492203 0.562945 0.492339 0.559784 0.49521 0.558805 0.496646 0.558262 0.497902 0.558035 0.498815 0.558756 0.501906 0.560313 0.505483 0.560711 0.50639 0.561166 0.506945 0.56485 0.513393 0.572768 0.526738 0.574092 0.528874 0.575204 0.53072 0.58328 0.544023 0.585297 0.548528 0.589263 0.556516 0.593213 0.564757 0.597505 0.574818 0.600722 0.58218 0.604959 0.592003 0.606726 0.596321 0.61122 0.606867 0.611611 0.607707 0.613166 0.610978 0.616375 0.617848 0.616906 0.618888 0.61875 0.621389 0.622313 0.625916 0.62608 0.629806 0.626369 0.630103 0.626504 0.630219 0.629212 0.632224 0.631984 0.634292 0.632321 0.634547 0.63744 0.635265 0.639816 0.635058 0.644679 0.633742 0.651203 0.631556 0.652938 0.631039 0.658191 0.627738
119 0.277863 0.218087 0.276805 0.219387 0.275518 0.221142 0.275046 0.223186 0.274831 0.223959 0.274806 0.224481 0.275141 0.228975 0.276229 0.232862 0.277361 0.236919 0.279436 0.240506 0.285379 0.250227 0.292735 0.260903 0.297598 0.268217 0.309942 0.286549 0.310766 0.287819 0.311593 0.289147 0.320158 0.302453 0.3278 0.31398 0.331355 0.319529 0.340799 0.333671 0.342456 0.336332 0.351498 0.349255 0.354462 0.35377 0.362109 0.364415 0.36367 0.366668 0.366389 0.369631 0.36812 0.371394 0.369549 0.372111 0.371916 0.373285 0.373385 0.373384 0.376119 0.373643 0.379403 0.372524 0.38044 0.372066 0.381579 0.371256 0.386816 0.367873 0.392831 0.363251 0.39722 0.359667 0.404936 0.353447 0.409903 0.34919 0.414773 0.345193 0.419249 0.341928 0.423099 0.338446 0.429243 0.333386 0.444051 0.320631 0.447789 0.317366 0.450041 0.315384 0.462659 0.303993 0.463437 0.303293 0.469722 0.298081 0.475052 0.293506 0.476076 0.292694 0.485801 0.285243 0.497816 0.275544 0.498994 0.274572 0.499535 0.274103 0.510647 0.264309 0.513277 0.261897 0.51842 0.256785 0.520007 0.255184 0.52115 0.252972 0.52386 0.249017 0.524646 0.245701 0.524994 0.243999 0.525385 0.242882 0.525518 0.240604 0.525374 0.239614 0.524309 0.235604 0.522328 0.230017 0.520498 0.224727 0.516127 0.212747 0.516064 0.212577 0.515952 0.212251 0.510842 0.19746 0.508984 0.192097 0.50538 0.181059 0.503495 0.175197 0.50233 0.171358 0.499055 0.16072 0.496293 0.150883 0.49185 0.135073 0.490899 0.131643 0.490284 0.129532 0.486591 0.116009 0.484624 0.109269 0.483844 0.107182 0.482234 0.104244 0.480013 0.100757 0.479876 0.100548 0.479842 0.100504 0.479706 0.100427 0.478341 0.099419 0.477476 0.098878 0.476422 0.098419 0.475522 0.098439 0.473195 0.099053 0.468548 0.100876 0.463783 0.102688 0.456307 0.105698 0.449298 0.108744 0.444442 0.110927 0.433645 0.115963 0.421041 0.122109 0.418288 0.123439 0.410744 0.127435 0.400866 0.13261 0.39758 0.134339 0.380412 0.14391 0.376847 0.146092 0.358325 0.157516 0.356623 0.158542 0.356375 0.158682 0.355856 0.15902 0.335857 0.172176 0.33149 0.175272 0.315986 0.186362 0.314861 0.187156 0.314525 0.187411 0.311196 0.189964 0.298797 0.199391 0.296875 0.201034 0.289463 0.207301 0.285241 0.210908 0.278881 0.217027
123 0.48862 0.101589 0.488515 0.1039 0.488328 0.10745 0.488438 0.11388 0.488548 0.115317 0.488859 0.116976 0.491403 0.129601 0.491689 0.130866 0.492235 0.13321 0.494924 0.143976 0.496545 0.149702 0.500078 0.161284 0.502504 0.169382 0.506861 0.182687 0.511078 0.195227 0.511595 0.196504 0.512157 0.197868 0.516151 0.206552 0.517831 0.210201 0.521362 0.218157 0.522885 0.220582 0.525462 0.224104 0.529141 0.228077 0.530944 0.229533 0.532835 0.231124 0.536357 0.233116 0.538857 0.233953 0.540967 0.234408 0.545921 0.233094 0.54677 0.232992 0.547181 0.232907 0.548398 0.23255 0.556963 0.228666 0.562669 0.225613 0.566582 0.22393 0.576002 0.218407 0.580835 0.216329 0.588241 0.212883 0.589684 0.212287 0.593144 0.210887 0.598605 0.20843 0.600712 0.207438 0.604361 0.205916 0.608373 0.204244 0.612967 0.202414 0.613027 0.202375 0.612866 0.200659 0.612466 0.199331 0.611266 0.19684 0.606725 0.190608 0.605402 0.188797 0.604693 0.187794 0.603363 0.186236 0.597398 0.179432 0.590417 0.172481 0.587111 0.169077 0.582115 0.164556 0.572437 0.154434 0.561521 0.142906 0.556473 0.136938 0.546834 0.125766 0.536711 0.114439 0.530125 0.106949 0.522622 0.099332 0.521729 0.098562 0.519852 0.097413 0.513842 0.094009 0.51144 0.092675 0.505792 0.091418 0.502445 0.091405 0.500924 0.091636 0.50031 0.091883 0.49552 0.095276 0.494987 0.095557 0.49028 0.097714 0.490127 0.097931
129 0.513177 0.479609 0.512525 0.479864 0.507654 0.482423 0.501705 0.486135 0.501504 0.486303 0.495412 0.491739 0.493447 0.493998 0.486234 0.503018 0.480976 0.50929 0.477422 0.513799 0.472038 0.520124 0.462225 0.531543 0.461555 0.532262 0.461126 0.532692 0.450414 0.544693 0.448275 0.547214 0.439901 0.557568 0.43773 0.560351 0.432931 0.568647 0.432382 0.569718 0.432099 0.570453 0.429169 0.580921 0.429046 0.582744 0.429052 0.586227 0.429226 0.591153 0.429889 0.59377 0.431656 0.598186 0.43381 0.60135 0.435603 0.604094 0.439474 0.608697 0.446191 0.61718 0.447148 0.618041 0.44861 0.619812 0.455527 0.628889 0.458643 0.633958 0.465321 0.642956 0.466074 0.64393 0.471951 0.650802 0.475455 0.654937 0.475819 0.655397 0.483867 0.664396 0.489253 0.67058 0.490421 0.671647 0.49229 0.673381 0.49704 0.678139 0.499114 0.679689 0.503389 0.681858 0.503505 0.681911 0.503559 0.681933 0.503601 0.681924 0.505479 0.681468 0.505711 0.67998 0.50591 0.679287 0.505659 0.678222 0.505138 0.675473 0.503634 0.672975 0.498735 0.666028 0.498185 0.665273 0.496813 0.663335 0.491954 0.656457 0.490748 0.654158 0.48591 0.646054 0.484449 0.64353 0.483059 0.640903 0.479851 0.634266 0.478693 0.631544 0.475779 0.623623 0.472764 0.615786 0.472605 0.615292 0.472065 0.605632 0.471961 0.603646 0.471964 0.603564 0.471934 0.603234 0.471176 0.590013 0.471192 0.588047 0.472186 0.584169 0.474164 0.576843 0.475755 0.57097 0.478959 0.562083 0.484548 0.551675 0.485735 0.549564 0.487752 0.546204 0.492448 0.538542 0.495967 0.533739 0.500689 0.5273 0.506773 0.519745 0.507138 0.519313 0.507499 0.518965 0.514582 0.511977 0.5173 0.508298 0.521354 0.503467 0.522618 0.501667 0.523265 0.499906 0.524702 0.496972 0.525449 0.491376 0.525477 0.491174 0.525486 0.490995 0.524334 0.484551 0.524276 0.484436 0.523846 0.483851 0.521863 0.481556 0.518184 0.479991 0.517931 0.479908 0.517884 0.479888
131 0.747899 0.111611 0.749001 0.106746 0.747158 0.101431 0.74643 0.097711 0.74426 0.092485 0.743 0.089483 0.741426 0.087554 0.732585 0.077696 0.731912 0.076926 0.731573 0.076648 0.731027 0.076273 0.717378 0.067161 0.715504 0.06654 0.705618 0.062821 0.699748 0.061989 0.692872 0.060675 0.686482 0.059561 0.678782 0.059077 0.674153 0.058896 0.667245 0.059117 0.663323 0.059574 0.656729 0.060681 0.656467 0.060788 0.65275 0.063369 0.652657 0.063487 0.650054 0.06678 0.647957 0.071173 0.647823 0.071546 0.646748 0.075423 0.643584 0.088022 0.643201 0.089595 0.639485 0.109885 0.638574 0.115949 0.636951 0.133536 0.636787 0.1421 0.637671 0.160953 0.638237 0.166036 0.640628 0.178553 0.641054 0.180311 0.643249 0.187173 0.645211 0.191532 0.645954 0.19304 0.648037 0.195627 0.648902 0.196814 0.649227 0.197215 0.650411 0.198044 0.652883 0.199769 0.656666 0.200989 0.658216 0.201234 0.665022 0.201975 0.666967 0.201881 0.669345 0.201639 0.671095 0.200655 0.67126 0.200577 0.671434 0.200348 0.673479 0.197405 0.675112 0.194389 0.680384 0.184334 0.683054 0.179855 0.691091 0.167259 0.69316 0.164838 0.699596 0.157861 0.705653 0.151849 0.717219 0.141525 0.719484 0.1396 0.733517 0.128538 0.740038 0.122534 0.743688 0.118776 0.747696 0.111971 0.747871 0.11173
131 0.900373 0.040099 0.898514 0.041528 0.887511 0.050494 0.880429 0.056903 0.870788 0.067357 0.869049 0.06902 0.86869 0.069536 0.868219 0.070384 0.865326 0.077525 0.866463 0.082038 0.872058 0.085767 0.872943 0.086017
133 0.741452 0.127293 0.739264 0.128638 0.728922 0.134724 0.726662 0.136075 0.725936 0.136567 0.713986 0.145338 0.711085 0.147423 0.701005 0.156388 0.697994 0.159481 0.691362 0.167247 0.684832 0.176125 0.68275 0.179619 0.678129 0.188456 0.677179 0.190724 0.674849 0.196829 0.674171 0.199873 0.673998 0.200592 0.674141 0.201666 0.674551 0.204285 0.674937 0.205173 0.677328 0.208949 0.677591 0.209378 0.677688 0.209518 0.681372 0.214006 0.683925 0.216377 0.687909 0.219645 0.691088 0.222131 0.697894 0.227142 0.708537 0.233829 0.714296 0.237591 0.729121 0.246355 0.732842 0.248631 0.737111 0.251041 0.745186 0.255616 0.749633 0.257813 0.751347 0.258555 0.755782 0.260573 0.75746 0.261315 0.759705 0.26193 0.763944 0.26311 0.76717 0.263679 0.768155 0.263857 0.772157 0.264105 0.773709 0.264062 0.77612 0.263417 0.777047 0.263212 0.77743 0.262952 0.779379 0.261744 0.780056 0.259839 0.780969 0.258162 0.781766 0.253397 0.782251 0.249982 0.782882 0.245069 0.78327 0.240872 0.78362 0.237378 0.783865 0.214984 0.783966 0.21063 0.784177 0.204981 0.784304 0.200747 0.784485 0.195657 0.784157 0.173292 0.781913 0.150466 0.781671 0.148641 0.780219 0.14212 0.77996 0.141468 0.778653 0.138746 0.777119 0.13733 0.774216 0.135766 0.768073 0.132124 0.76706 0.13159 0.765038 0.130747 0.758979 0.127715 0.753741 0.124828 0.752832 0.124473 0.751091 0.124397 0.747774 0.124683 0.744075 0.12603
133 0.872762 0.086359 0.869642 0.085837 0.867608 0.085763 0.85783 0.086748 0.848764 0.0894 0.846236 0.090255 0.845187 0.090733 0.843235 0.091744 0.835811 0.095415 0.831408 0.097995 0.825964 0.101865 0.817575 0.108172 0.80996 0.113829 0.805469 0.117227 0.797252 0.123941 0.791064 0.1301 0.787901 0.133579 0.786777 0.135532 0.783595 0.140293 0.782867 0.144582 0.782248 0.14776 0.781764 0.159321 0.782772 0.174049 0.782047 0.208161 0.781629 0.225383 0.781646 0.235248 0.78207 0.241002 0.783236 0.247206 0.784482 0.251334 0.787284 0.256888 0.787286 0.256897 0.7873 0.256905 0.790514 0.260834 0.791899 0.261773 0.796592 0.263656 0.796976 0.26386 0.797271 0.263906 0.803891 0.264524 0.80394 0.264527 0.80394 0.264527 0.812704 0.2633 0.813384 0.263176 0.814711 0.262745 0.823462 0.260007 0.829723 0.256895 0.830314 0.256597 0.830916 0.256202 0.838666 0.25142 0.840005 0.250579
134 0.765554 0.659621 0.760417 0.660073 0.752232 0.663448 0.751494 0.663799 0.751163 0.664 0.747492 0.666436 0.747565 0.667927 0.748062 0.668875 0.747961 0.669228 0.750686 0.673371 0.750772 0.673473 0.759019 0.676608 0.762642 0.679454 0.768409 0.683637 0.769093 0.684063 0.769348 0.684098 0.777064 0.683669 0.783405 0.683845 0.790019 0.683627 0.7983 0.679685 0.800192 0.678647 0.800783 0.678054 0.807652 0.673033 0.811378 0.670123 0.812005 0.669606 0.816043 0.665199 0.817439 0.664013 0.817398 0.662938 0.815834 0.662121 0.812211 0.661088 0.805689 0.660439 0.793061 0.658956 0.786189 0.658494 0.780657 0.658516
142 0.733639 0.675622 0.725417 0.675477 0.717248 0.675355 0.710441 0.67706 0.709232 0.677621 0.707873 0.680687 0.704542 0.68663 0.701841 0.692798 0.698353 0.7009 0.697047 0.706435 0.695092 0.712836 0.695126 0.719474 0.695252 0.721111 0.695869 0.721909 0.703662 0.727922 0.705208 0.728551 0.706272 0.72912 0.707224 0.730151 0.711042 0.73177 0.717176 0.732956 0.719708 0.733178 0.723219 0.73004 0.730972 0.725168 0.736257 0.720782 0.741043 0.715031 0.746662 0.708137 0.750531 0.699135 0.752279 0.694718 0.752165 0.692615 0.751648 0.683389 0.750448 0.681227 0.746147 0.677235 0.74136 0.675781
142 0.848627 0.671045 0.847107 0.670686 0.839515 0.67133 0.833844 0.671592 0.827814 0.672906 0.817172 0.677939 0.815336 0.679325 0.813236 0.681423 0.809353 0.687601 0.808738 0.693953 0.808792 0.697357 0.809513 0.701363 0.811803 0.70488 0.813889 0.707116 0.815703 0.709048 0.821599 0.713984 0.826394 0.718153 0.833926 0.722611 0.839218 0.724956 0.841003 0.725411 0.844666 0.725701 0.851263 0.725643 0.852626 0.724999
153 0.262312 0.23174 0.259908 0.233005 0.25865 0.233687 0.254388 0.236776 0.250435 0.239982 0.24573 0.24427 0.238363 0.250952 0.230858 0.257841 0.226602 0.261992 0.219494 0.269052 0.216591 0.272012 0.213362 0.275457 0.208407 0.280798 0.207078 0.282407 0.196567 0.294704 0.193861 0.298182 0.187142 0.306347 0.186478 0.307164 0.185994 0.307903 0.182178 0.314395 0.180255 0.318607 0.179861 0.319812 0.179752 0.32063 0.179245 0.324543 0.178861 0.326771 0.178365 0.330387 0.177814 0.334706 0.178148 0.336277 0.178009 0.35225 0.178785 0.355169 0.179208 0.364082 0.179075 0.369931 0.173266 0.387117 0.172852 0.388173 0.171159 0.390744 0.161052 0.406627 0.15636 0.411957 0.149947 0.421088 0.142967 0.429216 0.135075 0.437883 0.133436 0.440042 0.127082 0.450982 0.123731 0.456538 0.117668 0.465964 0.116333 0.468527 0.115912 0.480508 0.116041 0.481193 0.116995 0.483727 0.119957 0.490374 0.120453 0.490892 0.121918 0.491759 0.130401 0.496861 0.13946 0.501732 0.141444 0.502621 0.154616 0.508844 0.160439 0.511159 0.174127 0.516893 0.186378 0.521711 0.193463 0.524473 0.202875 0.528201 0.215048 0.53251 0.22132 0.534577 0.233324 0.538976 0.238302 0.540725 0.241787 0.541937 0.2487 0.544061 0.257074 0.545892 0.257625 0.545999 0.257732 0.546009 0.25791 0.54599 0.261866 0.545495 0.264494 0.544104 0.265256 0.543662 0.265751 0.54315 0.268247 0.539887 0.270109 0.536547 0.272539 0.531538 0.277264 0.521423 0.278496 0.518697 0.279434 0.516603 0.2832 0.509644 0.288061 0.500134 0.289842 0.496781 0.298881 0.481178 0.30018 0.478988 0.302977 0.474464 0.31022 0.462645 0.314204 0.45643 0.324618 0.440593 0.328357 0.435039 0.338147 0.421595 0.340574 0.418356 0.343685 0.414766 0.351051 0.406058 0.355469 0.401263 0.359699 0.39656 0.364849 0.390044 0.36542 0.389334 0.365706 0.38848 0.367058 0.385255 0.367334 0.381439 0.367435 0.380845 0.367442 0.380593 0.366398 0.378133 0.36446 0.373409 0.363392 0.371697 0.359059 0.363978 0.354425 0.356404 0.349652 0.349152 0.346951 0.34505 0.339458 0.332618 0.329035 0.317298 0.328511 0.316489 0.327715 0.315204 0.316198 0.297444 0.304004 0.278864 0.303402 0.277971 0.30191 0.27575 0.290419 0.258437 0.288035 0.254815 0.284051 0.249443 0.277733 0.2408 0.274522 0.237493 0.270643 0.233981 0.26796 0.232422 0.265282 0.231566 0.263295 0.231436
158 0.111998 0.561984 0.111899 0.561618 0.111657 0.561631 0.103483 0.56805 0.101627 0.575593 0.102124 0.578525 0.102844 0.579747 0.112757 0.58632 0.113473 0.586491 0.114401 0.585928 0.115326 0.584988 0.114837 0.583242
160 0.573347 0.892824 0.573449 0.893488 0.573513 0.893708 0.575493 0.89936 0.576312 0.900775 0.580952 0.9073 0.585244 0.912983 0.591599 0.921612 0.594668 0.925599 0.602923 0.935555 0.611505 0.944685 0.614351 0.947564 0.615776 0.948856 0.624398 0.955466 0.627196 0.957165 0.635411 0.961484 0.641954 0.964642 0.649167 0.967352 0.658847 0.969874 0.669398 0.972 0.672351 0.972384 0.674319 0.972595 0.682808 0.973072 0.688535 0.972302 0.690923 0.972062 0.692128 0.97173 0.693611 0.970723 0.69574 0.968883 0.696893 0.966681 0.697221 0.965686 0.696645 0.964128 0.696088 0.962475 0.694219 0.960822 0.692103 0.958776 0.689026 0.956976 0.6818 0.953064 0.671292 0.947533 0.670569 0.94717 0.670022 0.946725 0.660832 0.939021 0.65598 0.933777 0.649608 0.925605 0.644756 0.919579 0.642927 0.917102 0.638436 0.911506 0.633502 0.905092 0.631708 0.90307 0.624612 0.894375 0.620062 0.890338 0.617499 0.88819 0.615864 0.887121 0.609418 0.883516 0.608106 0.882913 0.604028 0.881917 0.599731 0.880799 0.598512 0.880601 0.596055 0.88062 0.591364 0.880522 0.584128 0.88108 0.583992 0.8811 0.583901 0.881122 0.579485 0.88367 0.57574 0.886391 0.575381 0.886695 0.574478 0.887718 0.573313 0.889612
160 0.870401 0.953619 0.866195 0.95703 0.865253 0.958018 0.863362 0.961108 0.862829 0.961919 0.862923 0.962141 0.863915 0.964201 0.864386 0.965664 0.866014 0.967463 0.867684 0.968846 0.870465 0.969746 0.871935 0.96999
162 0.629276 0.657275 0.626754 0.663191 0.622714 0.668686 0.620308 0.672629 0.61373 0.67821 0.611899 0.681838 0.605351 0.684904 0.598134 0.68605 0.593733 0.687766 0.587574 0.689253 0.58399 0.690833 0.579031 0.69428 0.578098 0.696218 0.578362 0.697773 0.577707 0.699237 0.581622 0.699588 0.582248 0.699621 0.582395 0.699583 0.582746 0.699438 0.589173 0.696758 0.593436 0.694299 0.596658 0.691975 0.607518 0.687331 0.610367 0.685756 0.619228 0.680824 0.627141 0.67746 0.627782 0.677104 0.637951 0.671845 0.64123 0.670381 0.653505 0.665047 0.66247 0.662742 0.669105 0.660491 0.675125 0.658725 0.677265 0.658147 0.677388 0.658084 0.677426 0.656499 0.677329 0.65489 0.676683 0.651086 0.675376 0.648169 0.674043 0.645173 0.67215 0.641872 0.670326 0.639892 0.667254 0.637204 0.664274 0.635003 0.660534 0.634404 0.654387 0.63467 0.648865 0.63595 0.642641 0.637725 0.638725 0.641068 0.637018 0.642742 0.635731 0.644774 0.632362 0.65098
163 0.168047 0.40556 0.167675 0.398438 0.164303 0.394069 0.160606 0.391991 0.151923 0.386874 0.149459 0.386196 0.148592 0.385929 0.145319 0.386574 0.141841 0.387103 0.14102 0.387962 0.13568 0.394195 0.134937 0.395895 0.131355 0.40296 0.12919 0.407473 0.128565 0.408859 0.12494 0.417473 0.123466 0.422549 0.119187 0.433827 0.118997 0.435754 0.118208 0.443995 0.118878 0.448809 0.119946 0.452228 0.12428 0.455374 0.12727 0.454604 0.138213 0.444054 0.150374 0.434186 0.151156 0.433325 0.151667 0.432798 0.153766 0.430437 0.165792 0.415858
164 0.671215 0.752756 0.67204 0.752622 0.672711 0.751923 0.67609 0.748767 0.676624 0.746286 0.679625 0.741528 0.680758 0.736478 0.684989 0.730051 0.686449 0.726191 0.689005 0.719421 0.691929 0.715697 0.693033 0.711485 0.695367 0.704661 0.697767 0.696086 0.699831 0.689539 0.699983 0.684011 0.700101 0.679221 0.698758 0.67315 0.698158 0.672349 0.694454 0.668281 0.692444 0.667066 0.690297 0.665724 0.685881 0.6634 0.680746 0.662857 0.67788 0.662636 0.675991 0.662587 0.668583 0.662616 0.663427 0.663584 0.658966 0.664868 0.650906 0.668006 0.645679 0.669974 0.643858 0.67068 0.639564 0.672947 0.623793 0.68057 0.611412 0.6866 0.603113 0.691315 0.592131 0.697145 0.590751 0.698015 0.583798 0.702171 0.581116 0.704147 0.579348 0.705521 0.578964 0.706602 0.579217 0.708168 0.57927 0.709337 0.579149 0.710722 0.580692 0.712406 0.582943 0.714587 0.586126 0.71774 0.589333 0.720009 0.595004 0.723922 0.59741 0.725346 0.599066 0.726292 0.614395 0.734235 0.623619 0.738427 0.634661 0.74253 0.654127 0.750864 0.6545 0.750967 0.655184 0.751142 0.665667 0.752999
165 0.516887 0.461504 0.516989 0.458585 0.516958 0.458501 0.516922 0.458459 0.516681 0.458333 0.51532 0.457936 0.512738 0.460077 0.512412 0.460341 0.512318 0.460426 0.508828 0.465223 0.508659 0.46555 0.508478 0.466905 0.508472 0.467646 0.508624 0.467763 0.509351 0.468093 0.510974 0.467715 0.512041 0.467737 0.514239 0.466559 0.515861 0.464343 0.516342 0.463781 0.516562 0.463113
167 0.49305 0.577124 0.488562 0.569145 0.487744 0.568124 0.485478 0.565583 0.484564 0.565132 0.483235 0.565083 0.483132 0.565092 0.48295 0.565235 0.482099 0.565953 0.480414 0.568191 0.478947 0.572076 0.477407 0.575319 0.474904 0.58597 0.474782 0.587118 0.474732 0.589488 0.47503 0.59781 0.475571 0.609588 0.475638 0.610133 0.47584 0.610977 0.478598 0.621615 0.482739 0.631223 0.483379 0.632515 0.48414 0.634134 0.488583 0.642468 0.493481 0.650012 0.494782 0.651733 0.495764 0.653004 0.504072 0.66357 0.508047 0.668963 0.512836 0.674754 0.519059 0.680509 0.521319 0.682229 0.525492 0.68497 0.533289 0.68948 0.540228 0.691925 0.544191 0.693169 0.546704 0.693976 0.554119 0.695625 0.558856 0.695495 0.561126 0.695315 0.566642 0.693324 0.567307 0.693025 0.567405 0.692966 0.567798 0.691152 0.566756 0.689642 0.565349 0.687324 0.562269 0.683451 0.561355 0.682215 0.559668 0.680641 0.554905 0.676156 0.552973 0.674221 0.54749 0.667832 0.54432 0.663729 0.541231 0.658842 0.535299 0.647611 0.535179 0.647354 0.535095 0.647189 0.529668 0.63498 0.527203 0.630451 0.522625 0.621716 0.520586 0.617738 0.512821 0.606158 0.511638 0.604623 0.505814 0.597527 0.500944 0.591148 0.499518 0.589096 0.493277 0.577511
169 0.569145 0.522939 0.562006 0.513576 0.559144 0.51111 0.556088 0.508725 0.549698 0.507119 0.549497 0.507062 0.54928 0.50707 0.539996 0.507584 0.539618 0.507679 0.533633 0.509572 0.529666 0.510952 0.526457 0.512074 0.519508 0.515994 0.518654 0.516466 0.517746 0.517127 0.509592 0.523712 0.508822 0.524345 0.502262 0.531114 0.499923 0.534248 0.495827 0.541112 0.493671 0.544379 0.493054 0.545234 0.491128 0.549377 0.489087 0.554068 0.488503 0.556803 0.487978 0.560623 0.488273 0.561932 0.489399 0.56781 0.490345 0.569831 0.493557 0.575787 0.497852 0.584593 0.498714 0.586197 0.499248 0.587031 0.502727 0.592114 0.508432 0.599777 0.517784 0.612174 0.52072 0.616687 0.527151 0.628786 0.528202 0.630767 0.529491 0.633387 0.534523 0.643139 0.54145 0.657304 0.541659 0.657695 0.541783 0.65787 0.548505 0.667248 0.549681 0.66854 0.55569 0.6744 0.561071 0.678114 0.564344 0.680389 0.572104 0.684055 0.572447 0.684172 0.573368 0.684372 0.580297 0.685496 0.58392 0.685268 0.58903 0.684784 0.593989 0.683689 0.598258 0.682762 0.60367 0.680386 0.606724 0.678486 0.61281 0.673896 0.614795 0.672207 0.619371 0.665897 0.622128 0.662733 0.623796 0.659009 0.62648 0.652454 0.626621 0.651657 0.627099 0.645356 0.626447 0.640814 0.626092 0.639389 0.625771 0.638724 0.624128 0.634147 0.621076 0.629458 0.619372 0.624806 0.615659 0.617181 0.614865 0.615706 0.614364 0.614655 0.609223 0.602585 0.605949 0.594802 0.60306 0.587901 0.601512 0.584426 0.596387 0.572528 0.59535 0.570172 0.59197 0.562357 0.587605 0.552772 0.585961 0.549867 0.584745 0.547465 0.582141 0.542726 0.57828 0.535956 0.572542 0.527516 0.570428 0.52454 0.569967 0.523886
173 0.703425 0.881152 0.700862 0.881938 0.691816 0.885048 0.686958 0.887345 0.681227 0.890301 0.67528 0.894088 0.671833 0.896668 0.66742 0.900172 0.664778 0.9024 0.659327 0.909431 0.65905 0.909856 0.65855 0.910637 0.654311 0.919146 0.653854 0.922817 0.653615 0.926424 0.653548 0.929273 0.654355 0.931943 0.657407 0.936795 0.658496 0.938249 0.65978 0.939924 0.663438 0.943663 0.66614 0.945838 0.668426 0.947201 0.674512 0.949554 0.67763 0.950612 0.68545 0.952693 0.689836 0.953585 0.695937 0.954491 0.69685 0.954498 0.706318 0.952712 0.707084 0.952608 0.708164 0.952202 0.717755 0.948586 0.725568 0.945434 0.727035 0.944709 0.735965 0.938928 0.73606 0.938858 0.749065 0.928551 0.749102 0.928507 0.755094 0.921261 0.759243 0.913578 0.759436 0.912673 0.759762 0.911246 0.760388 0.90363 0.760046 0.897598 0.759673 0.896398 0.75617 0.892956 0.75309 0.8894 0.747534 0.883878 0.745681 0.882539 0.738522 0.879387 0.73707 0.879169 0.729788 0.878307 0.720707 0.878464 0.716779 0.878552 0.708047 0.880196
173 0.811547 0.879965 0.810889 0.880419 0.809291 0.881571 0.804687 0.885521 0.803218 0.887035 0.799887 0.892715 0.798711 0.895215 0.797455 0.901256 0.797462 0.905856 0.797997 0.90984 0.798454 0.916014 0.798798 0.917163 0.80027 0.919179 0.80517 0.925173 0.806237 0.926606 0.809695 0.929442 0.81763 0.935608 0.82495 0.940092 0.830261 0.94317 0.845337 0.949406 0.845434 0.949439 0.845486 0.949446 0.857082 0.951602 0.85844 0.95171 0.864787 0.951655 0.870186 0.951322 0.864149 0.881383 0.860512 0.880077 0.854431 0.878714 0.84693 0.877045 0.837594 0.874953 0.833713 0.87464 0.825662 0.875191 0.823808 0.875488 0.818621 0.877008
175 0.114384 0.66061 0.124184 0.662704 0.127366 0.663667 0.141839 0.664849 0.144116 0.665015 0.145236 0.665 0.166838 0.664651 0.181152 0.664366 0.19071 0.663751 0.197199 0.663449 0.215256 0.663086 0.225198 0.662571 0.233217 0.662313 0.241986 0.661206 0.245649 0.660688 0.247953 0.660438 0.25267 0.658902 0.254283 0.657642 0.25626 0.655579 0.257801 0.65313 0.259793 0.644377 0.260016 0.643447 0.260029 0.643056 0.259974 0.641883 0.259819 0.624714 0.260019 0.618611 0.260176 0.611414 0.260115 0.609195 0.260244 0.601952 0.2602 0.592815 0.260406 0.589055 0.26085 0.585449 0.262147 0.568685 0.262631 0.562343 0.262883 0.55814 0.262821 0.556956 0.262133 0.55468 0.261484 0.553375 0.260529 0.552113 0.259265 0.550182 0.255009 0.547736 0.254532 0.547448 0.246273 0.544375 0.243195 0.543191 0.234555 0.539787 0.224302 0.535968 0.206934 0.529644 0.204829 0.528872 0.202713 0.528109 0.185519 0.521903 0.165848 0.514992 0.16452 0.514562 0.16344 0.514275 0.147479 0.509415 0.138104 0.507119 0.133161 0.505569 0.129598 0.505413 0.121754 0.504725 0.117842 0.50536 0.114999 0.507302 0.110325 0.512689 0.109589 0.513919 0.1062 0.527538 0.106182 0.527868 0.104472 0.54817 0.104325 0.550764 0.102131 0.577161 0.102044 0.578845 0.10161 0.603806 0.101095 0.614633 0.100695 0.632744 0.103532 0.642411 0.105087 0.648845 0.105656 0.653022 0.109198 0.659393
176 0.779847 0.721014 0.777096 0.722886 0.774411 0.729612 0.773526 0.732749 0.772662 0.737236 0.77173 0.749307 0.771895 0.753201 0.772487 0.758078 0.773188 0.761797 0.774631 0.763689 0.776505 0.764054 0.779581 0.76367 0.782293 0.763471 0.784469 0.763032 0.786974 0.75904 0.787587 0.757925 0.787752 0.75723 0.78822 0.755034 0.789381 0.7453 0.788945 0.741186 0.78882 0.734849 0.787519 0.730843 0.785234 0.725688 0.783562 0.723427 0.781067 0.721398 0.780258 0.72075
177 0.66027 0.770849 0.663892 0.76909 0.664488 0.767225 0.664923 0.766777 0.665057 0.765661 0.665309 0.763965 0.664662 0.761671 0.663561 0.760355 0.662013 0.757377 0.655076 0.753624 0.651389 0.751055 0.636385 0.744026 0.620229 0.736814 0.615629 0.734437 0.601447 0.726833 0.582701 0.716788 0.582508 0.716693 0.582203 0.716526 0.570476 0.709732 0.563587 0.705967 0.555632 0.701872 0.548008 0.698545 0.540871 0.69575 0.54023 0.695493 0.534332 0.693652 0.529068 0.692627 0.526526 0.692406 0.524902 0.69256 0.522846 0.69279 0.521856 0.6952 0.521769 0.695446 0.521755 0.695634 0.521092 0.701698 0.521272 0.70217 0.521592 0.702705 0.523914 0.70778 0.528699 0.71351 0.530971 0.716226 0.535348 0.720665 0.544057 0.729016 0.548236 0.732852 0.557714 0.740792 0.56679 0.748167 0.569793 0.75042 0.571426 0.751721 0.581797 0.758392 0.583673 0.759254 0.593294 0.763338 0.597015 0.764664 0.606214 0.767814 0.610204 0.768828 0.616145 0.770074 0.623942 0.771685 0.625506 0.771812 0.634511 0.772047 0.647794 0.771853 0.650785 0.771663 0.659548 0.771126
