2 0.76309 0.16163 0.76616 0.16193 0.76759 0.16103 0.76908 0.15927 0.7704 0.15558 0.77046 0.15535 0.77046 0.15524 0.7704 0.14618 0.7704 0.14483 0.77025 0.14197 0.76915 0.13062 0.76869 0.12574 0.76717 0.11185 0.76666 0.10757 0.76616 0.10306 0.76421 0.0849 0.76364 0.08116 0.76288 0.07502 0.76139 0.06524 0.76016 0.06154 0.75929 0.0592 0.75827 0.05595 0.75751 0.05542 0.75471 0.0532 0.75361 0.05251 0.7523 0.0522 0.74882 0.0515 0.7443 0.05069 0.74287 0.0505 0.74229 0.05055 0.72962 0.0523 0.7256 0.05284 0.71422 0.05449 0.70357 0.05575 0.70293 0.05584 0.70238 0.05594 0.69172 0.05817 0.68672 0.05912 0.68082 0.06025 0.67392 0.06202 0.66881 0.06355 0.66241 0.06545 0.65547 0.06635 0.65107 0.06728 0.64092 0.07008 0.63821 0.07064 0.6291 0.07291 0.62837 0.07315 0.6252 0.07389 0.61774 0.07578 0.61673 0.07601 0.61309 0.07749 0.60449 0.0811 0.6026 0.08354 0.59523 0.08796 0.59426 0.09278 0.59519 0.09528 0.60133 0.10074 0.6142 0.10677 0.62037 0.11026 0.64388 0.12009 0.65615 0.12612 0.66133 0.12809 0.67603 0.13361 0.6922 0.13972 0.69756 0.14186 0.71507 0.14766 0.72171 0.15032 0.73743 0.15606 0.74383 0.15801 0.74668 0.15867 0.75749 0.16215
12 0.98602 0.93475 0.98578 0.93118 0.98567 0.93076 0.98503 0.93011 0.98103 0.92606 0.97687 0.92332 0.96587 0.91537 0.96298 0.91337 0.96061 0.9115 0.94787 0.90062 0.94234 0.89604 0.9413 0.89496 0.93759 0.89082 0.93636 0.8897 0.93109 0.88552 0.92919 0.88427 0.92364 0.88267 0.91936 0.88217 0.91301 0.88156 0.90744 0.88174 0.90387 0.88234 0.90127 0.88318 0.89864 0.88395 0.89328 0.88774 0.89116 0.88914 0.89013 0.88997 0.88653 0.89277 0.87692 0.90032 0.87141 0.90417 0.86316 0.90987 0.85049 0.91777 0.84931 0.91865 0.8421 0.9237 0.83911 0.92677 0.83695 0.92881 0.83658 0.92959 0.83431 0.93308 0.83413 0.93341 0.83417 0.93351 0.83612 0.93612 0.83604 0.93845 0.83652 0.94057 0.83741 0.9416 0.83967 0.94251 0.84215 0.94326 0.84524 0.94394 0.85062 0.94456 0.85583 0.94508 0.85624 0.94511 0.85743 0.94501 0.86526 0.94434 0.86982 0.944 0.87495 0.94328 0.88579 0.94275 0.88618 0.94275 0.88646 0.94274 0.89408 0.9424 0.89529 0.94195 0.89832 0.94078 0.90061 0.93845 0.90112 0.93812 0.90229 0.93725 0.90889 0.93452 0.91315 0.9351 0.9171 0.93586 0.92077 0.93886 0.92313 0.94072 0.93137 0.94299 0.93371 0.94325 0.93762 0.94326 0.94154 0.94358 0.94513 0.94375 0.949 0.94365 0.95756 0.94412 0.95802 0.94415 0.9582 0.94414 0.96463 0.94421 0.9708 0.94426 0.97104 0.94426 0.97133 0.9442 0.97921 0.94225 0.98246 0.94021 0.98428 0.93915 0.98463 0.93754
13 0.45566 0.8942 0.45882 0.88588 0.45887 0.88559 0.45822 0.87524 0.45798 0.87373 0.4556 0.86329 0.45445 0.85718 0.45173 0.84847 0.45124 0.8458 0.44804 0.83729 0.44742 0.83405 0.44567 0.82999 0.44509 0.82409 0.44419 0.82203 0.44485 0.81954 0.44616 0.81564 0.45098 0.81099 0.45367 0.80887 0.45949 0.80514 0.46481 0.80066 0.46797 0.7976 0.47247 0.79073 0.47317 0.7897 0.47455 0.78582 0.47596 0.78159 0.47608 0.78083 0.4762 0.77435 0.47517 0.77019 0.47299 0.76396 0.47201 0.76181 0.47016 0.75869 0.46517 0.75028 0.4612 0.74553 0.45368 0.73561 0.4474 0.7294 0.43951 0.71945 0.43761 0.71759 0.43344 0.71386 0.4312 0.71185 0.42805 0.70962 0.42516 0.70764 0.42453 0.70727 0.42046 0.70549 0.41554 0.7033 0.41455 0.70309 0.41029 0.7021 0.40835 0.70176 0.40446 0.70313 0.40176 0.70399 0.39557 0.70647 0.39489 0.70695 0.39209 0.71008 0.38869 0.71405 0.38798 0.71491 0.38216 0.72353 0.37951 0.72977 0.37692 0.73527 0.37494 0.74108 0.3721 0.75026 0.37103 0.75405 0.37071 0.75691 0.36895 0.77263 0.36896 0.77325 0.36907 0.77553 0.36923 0.78527 0.36956 0.78699 0.37224 0.79886 0.37351 0.80245 0.37546 0.80714 0.37728 0.81112 0.38007 0.81654 0.38429 0.82203 0.38659 0.82694 0.38856 0.8303 0.38928 0.83561 0.38946 0.83734 0.38974 0.84721 0.38966 0.85135 0.38823 0.86754 0.38846 0.87269 0.38999 0.88097 0.39192 0.88844 0.39235 0.88938 0.39665 0.89533 0.3991 0.8982 0.40235 0.90081 0.40599 0.9029 0.41324 0.90624 0.41551 0.9068 0.42375 0.90773 0.42633 0.90799 0.42689 0.90797 0.42775 0.90791 0.43833 0.90592 0.44176 0.90461 0.44879 0.90186 0.4523 0.89895 0.45421 0.896
14 0.46601 0.80311 0.46477 0.80389 0.45589 0.80936 0.45298 0.81103 0.44473 0.81658 0.44379 0.82207 0.44331 0.82343 0.44365 0.82952 0.44328 0.83522 0.44693 0.841 0.44884 0.8508 0.44977 0.85377 0.45075 0.85654 0.45336 0.86776 0.45556 0.87434 0.45699 0.87953 0.45815 0.88208 0.46089 0.8882 0.465 0.89197 0.46586 0.89285 0.46694 0.89338 0.47298 0.89537 0.47701 0.89582 0.48365 0.89517 0.48771 0.89445 0.49623 0.89193 0.50151 0.89017 0.50529 0.88863 0.51367 0.88492 0.51997 0.88199 0.52277 0.87987 0.52648 0.87704 0.52736 0.87565 0.53119 0.86929 0.53262 0.86502 0.53361 0.86069 0.53391 0.85744 0.53395 0.84675 0.53396 0.84421 0.53365 0.84225 0.53201 0.82667 0.532 0.82653 0.532 0.82651 0.53128 0.82459 0.52807 0.81596 0.52804 0.8159 0.52796 0.81582 0.52259 0.80831 0.51819 0.8042 0.51711 0.80324 0.51603 0.80259 0.50836 0.79869 0.50211 0.79625 0.49891 0.79528 0.49086 0.79332 0.48393 0.79395 0.48229 0.79401 0.48038 0.79482
17 0.40675 0.41308 0.40456 0.41549 0.40214 0.41838 0.39115 0.43177 0.38575 0.43898 0.38168 0.44453 0.37778 0.45012 0.37328 0.45649 0.36999 0.46148 0.36444 0.47009 0.35924 0.47925 0.35789 0.48167 0.35687 0.48384 0.34999 0.49803 0.34739 0.50423 0.34576 0.50837 0.34345 0.51468 0.34034 0.52378 0.33929 0.52711 0.33778 0.53377 0.33633 0.54035 0.33457 0.55356 0.33422 0.55623 0.33411 0.5577 0.33302 0.57113 0.3334 0.57942 0.33342 0.58345 0.33399 0.58938 0.33454 0.59379 0.33493 0.59549 0.33658 0.60367 0.33692 0.60458 0.34012 0.6116 0.34059 0.61244 0.34185 0.6143 0.346 0.6212 0.34755 0.62339 0.35191 0.62844 0.35316 0.62993 0.35383 0.63054 0.35994 0.63638 0.36333 0.6389 0.36786 0.64254 0.3709 0.6443 0.37699 0.6476 0.38229 0.64991 0.38255 0.65 0.3894 0.65201 0.39285 0.65257 0.39941 0.65325 0.40203 0.6533 0.4098 0.65298 0.41173 0.65279 0.42308 0.65108 0.42389 0.65093 0.43572 0.64818 0.43614 0.64801 0.4424 0.64544 0.44358 0.64481 0.44695 0.64253 0.44897 0.63991 0.44904 0.63981 0.44911 0.63964 0.45085 0.63608 0.45141 0.63388 0.45162 0.62963 0.45125 0.62569 0.45088 0.62354 0.44949 0.61808 0.44923 0.61671 0.44915 0.61633 0.4466 0.6082 0.4464 0.60774 0.44612 0.60704 0.44334 0.59944 0.44279 0.59772 0.44114 0.59016 0.44102 0.58952 0.44101 0.58934 0.44025 0.58171 0.44053 0.57822 0.44122 0.57395 0.44121 0.57196 0.44208 0.56437 0.44237 0.56106 0.44366 0.55454 0.44427 0.54972 0.4435 0.53967 0.4435 0.53954 0.44348 0.53943 0.44267 0.52677 0.44149 0.51378 0.44139 0.51157 0.44136 0.51004 0.44062 0.49544 0.44025 0.48659 0.44039 0.48275 0.44088 0.47573 0.4419 0.46898 0.44232 0.46676 0.44289 0.46448 0.44557 0.4552 0.44852 0.44726 0.44964 0.44461 0.45296 0.43843 0.4541 0.43673 0.45778 0.4328 0.45923 0.43188 0.46304 0.42981 0.46629 0.42886 0.46814 0.42826 0.47416 0.42746 0.47548 0.42726 0.47572 0.42726 0.47676 0.42716 0.48443 0.4264 0.48616 0.42606 0.49053 0.42456 0.49204 0.42349 0.49419 0.4212 0.4948 0.41894 0.49575 0.40928 0.49577 0.4088 0.49579 0.40761 0.49591 0.3979 0.49533 0.39233 0.49449 0.38457 0.49391 0.38093 0.49211 0.37513 0.49088 0.37279 0.48791 0.36897 0.48603 0.3675 0.48336 0.36645 0.48177 0.36591 0.47607 0.36558 0.47468 0.36544 0.47274 0.36567 0.46747 0.3667 0.46596 0.36717 0.46027 0.36945 0.45874 0.37015 0.45698 0.37094 0.44873 0.37575 0.44817 0.37615 0.44185 0.38124 0.43499 0.38703 0.42909 0.39176 0.42292 0.39748 0.41614 0.40345
18 0.4294 0.69924 0.4296 0.70285 0.43003 0.70474 0.43334 0.70918 0.43502 0.71159 0.43585 0.7127 0.44743 0.72554 0.44842 0.72681 0.4498 0.72854 0.45881 0.73884 0.46339 0.74474 0.46797 0.74959 0.47362 0.75611 0.47648 0.75876 0.48162 0.76369 0.4838 0.76629 0.48607 0.76794 0.49312 0.773 0.49571 0.77509 0.5019 0.77943 0.50595 0.78256 0.50991 0.78485 0.5146 0.78591 0.52028 0.78786 0.52491 0.78703 0.52503 0.78702 0.52507 0.78696 0.52951 0.78358 0.53281 0.77596 0.53297 0.77554 0.53305 0.77512 0.53332 0.77332 0.53417 0.76719 0.53413 0.76488 0.53397 0.75844 0.53325 0.74871 0.53283 0.74227 0.5323 0.73919 0.52955 0.73048 0.52771 0.72298 0.5263 0.71867 0.52235 0.70761 0.5177 0.69611 0.51568 0.69173 0.51159 0.68563 0.50864 0.68073 0.50719 0.67913 0.50205 0.67343 0.50066 0.67197 0.50014 0.67166 0.4949 0.6693 0.49113 0.669 0.48807 0.66834 0.48124 0.66913 0.4786 0.66977 0.47173 0.6719 0.46291 0.67498 0.4496 0.68052 0.4475 0.68143 0.44704 0.68161 0.44566 0.68228 0.43641 0.6875 0.43241 0.69078 0.43049 0.6926 0.42993 0.69346 0.42848 0.69688
19 0.83003 0.40634 0.82958 0.40569 0.82843 0.40545 0.82677 0.40571 0.82602 0.40598 0.82427 0.40684 0.81115 0.42347 0.81071 0.42403 0.81041 0.42443 0.80966 0.42549 0.79706 0.44365 0.79197 0.4525 0.78847 0.45847 0.78576 0.46432 0.78221 0.47404 0.78103 0.48171 0.77987 0.48772 0.77925 0.49457 0.77896 0.50382 0.77948 0.50897 0.77961 0.51758 0.78216 0.52459 0.783 0.52658 0.78417 0.52834 0.78775 0.53372 0.79167 0.53766 0.79239 0.53843 0.79804 0.54128 0.79944 0.54196 0.79965 0.54202 0.80049 0.54207 0.80488 0.5424 0.80536 0.54209 0.80689 0.54067 0.80753 0.53487 0.80753 0.53471 0.80754 0.53464 0.80688 0.52397 0.80703 0.51979 0.80711 0.51024 0.80798 0.50006 0.80821 0.49648 0.80908 0.49248 0.81096 0.48383 0.81364 0.4748 0.81591 0.47004 0.81953 0.46167 0.82086 0.45863 0.82157 0.45747 0.82573 0.45155 0.82782 0.44768 0.83119 0.44181 0.83256 0.43503 0.83243 0.42468 0.83245 0.42408 0.83213 0.4222 0.83116 0.41433 0.8305 0.41281
20 0.92745 0.57215 0.92087 0.57281 0.91306 0.57479 0.908 0.57611 0.90383 0.57777 0.89479 0.58119 0.88755 0.58508 0.88392 0.58721 0.8763 0.59296 0.87543 0.59379 0.8715 0.59825 0.87069 0.60009 0.87117 0.60245 0.87121 0.6055 0.87133 0.60643 0.87427 0.6095 0.87535 0.61004 0.8784 0.61126 0.88174 0.61222 0.88396 0.6125 0.88887 0.61289 0.89369 0.61254 0.90153 0.61188 0.91294 0.61051 0.92202 0.60958 0.93243 0.60901 0.94061 0.60918 0.95299 0.60995 0.96306 0.61099 0.97333 0.61209 0.9819 0.6125 0.98382 0.61261 0.9845 0.61229 0.98778 0.61089 0.99066 0.60897 0.9917 0.60806 0.99185 0.6077 0.99268 0.60558 0.99322 0.60376 0.99326 0.60326 0.99311 0.5999 0.99218 0.59843 0.98839 0.59505 0.98013 0.58846 0.97775 0.58664 0.97603 0.58576 0.96169 0.57787 0.9583 0.57669 0.94511 0.57278 0.94248 0.57223 0.93746 0.5721 0.93096 0.57174
22 0.49398 0.89873 0.48813 0.90118 0.48742 0.90155 0.48662 0.9026 0.48469 0.90538 0.48443 0.90573 0.48426 0.90647 0.48294 0.91304 0.48462 0.91863 0.48612 0.92336 0.4886 0.92873 0.49132 0.93316 0.49753 0.94055 0.49954 0.94293 0.50186 0.94378 0.50726 0.94585 0.51331 0.94585 0.51652 0.94575 0.51839 0.94511 0.52651 0.94211 0.53126 0.94025 0.53281 0.93945 0.54105 0.93416 0.54373 0.93119 0.54504 0.92874 0.54577 0.92723 0.54476 0.92245 0.54454 0.92158 0.54331 0.91888 0.53836 0.90892 0.53761 0.90755 0.53286 0.9 0.52812 0.89424 0.52802 0.89415 0.52793 0.89409 0.52382 0.891 0.51934 0.89077 0.51588 0.8903 0.50961 0.89103 0.49964 0.89572 0.49762 0.89702 0.49596 0.89794
23 0.49514 0.9441 0.49487 0.94349 0.48976 0.93297 0.48831 0.92932 0.48359 0.92111 0.48183 0.91786 0.48042 0.91596 0.47596 0.91176 0.47451 0.91027 0.4686 0.90757 0.46659 0.9066 0.46638 0.90654 0.46622 0.90653 0.46572 0.90653 0.45655 0.90603 0.45129 0.90713 0.4471 0.90837 0.44333 0.90997 0.44022 0.91131 0.43593 0.9151 0.43434 0.91679 0.43359 0.91791 0.43098 0.92178 0.43024 0.92322 0.42987 0.93186 0.42973 0.93361 0.42978 0.94156 0.4298 0.9486 0.42977 0.95069 0.43074 0.95956 0.4312 0.96381 0.43146 0.96446 0.43443 0.96964 0.43659 0.97197 0.43741 0.97275 0.43996 0.97316 0.44228 0.97353 0.44326 0.97378 0.45321 0.97219 0.45425 0.97187 0.45537 0.97161 0.47482 0.9649 0.47588 0.96444 0.47865 0.96305 0.4904 0.9571 0.49347 0.95506 0.49437 0.95446 0.49528 0.9529 0.4958 0.9521 0.49604 0.95151 0.49514 0.94438
24 0.80166 0.38599 0.80851 0.38749 0.81326 0.38846 0.82328 0.39033 0.8299 0.39095 0.83604 0.3912 0.84164 0.39068 0.8468 0.39013 0.85443 0.38832 0.85507 0.38812 0.86238 0.38492 0.86561 0.38352 0.87394 0.37941 0.87471 0.379 0.876 0.37824 0.88166 0.37468 0.8857 0.37095 0.89179 0.36613 0.89602 0.36184 0.89934 0.35786 0.90269 0.35321 0.90493 0.34978 0.90644 0.34531 0.90824 0.34045 0.90964 0.3361 0.90973 0.33568 0.90957 0.33479 0.909 0.33223 0.90844 0.33109 0.90607 0.32781 0.90606 0.3278 0.9021 0.3248 0.9011 0.32414 0.89946 0.32323 0.8925 0.32005 0.88683 0.31796 0.88248 0.31671 0.8754 0.31489 0.86966 0.31295 0.85875 0.31004 0.84828 0.30621 0.84081 0.30413 0.83489 0.30231 0.82256 0.29716 0.81146 0.29302 0.80224 0.28927 0.79454 0.28625 0.78796 0.284 0.7814 0.28182 0.77717 0.28067 0.77186 0.27942 0.75945 0.27787 0.75851 0.27772 0.75758 0.27766 0.74551 0.27758 0.74176 0.27801 0.73414 0.27889 0.72788 0.2795 0.71559 0.28167 0.7133 0.28241 0.70074 0.28726 0.68857 0.29317 0.68573 0.29449 0.68329 0.29643 0.67676 0.30138 0.67413 0.3057 0.67288 0.3075 0.67292 0.30922 0.67237 0.31269 0.67317 0.31432 0.67513 0.31685 0.67792 0.31832 0.68325 0.32059 0.68539 0.32143 0.69625 0.32449 0.69666 0.32461 0.69673 0.32463 0.6971 0.32468 0.71093 0.32714 0.71431 0.32762 0.72579 0.3289 0.73263 0.32958 0.73509 0.32989 0.73845 0.33148 0.74828 0.33523 0.7499 0.34109 0.74994 0.34122 0.74956 0.34154 0.74266 0.34745 0.73858 0.35026 0.73581 0.3524 0.73387 0.35431 0.73042 0.35762 0.72808 0.36125 0.72808 0.36126 0.72808 0.36126 0.72918 0.36386 0.72946 0.36521 0.73249 0.36786 0.73346 0.36849 0.73748 0.37044 0.74273 0.37162 0.74921 0.37417 0.7538 0.37516 0.75847 0.3764 0.76836 0.37873 0.77358 0.37981 0.7781 0.38058 0.79343 0.38423
24 1.0 0.32244 0.99927 0.32291 0.9934 0.32657 0.98912 0.33128 0.98872 0.33176 0.98825 0.33281 0.98689 0.3373 0.98705 0.34044 0.98889 0.34817 0.98902 0.34862 0.98911 0.34878 0.98927 0.34908 0.99353 0.35651 0.99558 0.36001 0.99834 0.36336 0.9997 0.36471 1.0 0.36499
26 0.23087 0.38269 0.23286 0.37971 0.23242 0.37704 0.23014 0.36959 0.22709 0.3648 0.21945 0.35659 0.21672 0.35356 0.21483 0.35285 0.21248 0.35294 0.20785 0.35263 0.20285 0.35733 0.2014 0.35896 0.19941 0.36171 0.19567 0.36807 0.19462 0.37009 0.19478 0.3724 0.19625 0.37645 0.19701 0.37856 0.19956 0.38192 0.20108 0.38326 0.2051 0.38537 0.20652 0.38605 0.2074 0.38623 0.20881 0.38649 0.21798 0.38719 0.2204 0.38707 0.22526 0.38597 0.22897 0.38479
27 0.63789 0.38233 0.63758 0.37973 0.63636 0.37866 0.63429 0.37769 0.63187 0.37718 0.62442 0.37784 0.62212 0.37811 0.62039 0.37867 0.60946 0.38216 0.60615 0.38358 0.59782 0.38773 0.5966 0.38858 0.59143 0.39321 0.58748 0.39854 0.58689 0.39934 0.58687 0.39984 0.58734 0.40484 0.58754 0.40531 0.58964 0.40743 0.59056 0.40841 0.59073 0.40851 0.59683 0.40994 0.59846 0.41008 0.60489 0.41027 0.61119 0.40888 0.61632 0.40765 0.62107 0.40574 0.62502 0.40324 0.62852 0.4005 0.63137 0.3979 0.63329 0.39547 0.63544 0.39162 0.63672 0.38948 0.63785 0.38487
30 0.9052 0.76529 0.90492 0.76349 0.90087 0.7582 0.89996 0.7565 0.89719 0.75375 0.89229 0.75173 0.88505 0.75019 0.87777 0.7495 0.86788 0.74994 0.86044 0.75095 0.85345 0.75234 0.84479 0.75405 0.84098 0.75494 0.83894 0.7557 0.83195 0.75863 0.82377 0.76276 0.82218 0.76401 0.82086 0.76516 0.81673 0.77142 0.8134 0.77929 0.81305 0.78007 0.81297 0.78131 0.81251 0.78995 0.81201 0.79658 0.81204 0.79995 0.81284 0.80799 0.81366 0.81014 0.81762 0.81539 0.81972 0.8178 0.8243 0.82224 0.82747 0.82423 0.83511 0.82722 0.83634 0.82773 0.83772 0.82804 0.85041 0.82992 0.85748 0.83028 0.86878 0.83054 0.88022 0.83102 0.88339 0.83122 0.88465 0.83111 0.88913 0.83017 0.89352 0.82794 0.89487 0.82741 0.89747 0.82557 0.8998 0.82277 0.90058 0.82072 0.90201 0.81522 0.90212 0.81412 0.90351 0.80064 0.90379 0.7972 0.90482 0.78126
30 0.94502 0.82962 0.94581 0.83008 0.94787 0.83017 0.95544 0.83119 0.96633 0.8304 0.97002 0.83011 0.97387 0.8296 0.98714 0.82827 1.0 0.82665 1.0 0.75443 0.99938 0.75428 0.99197 0.75224 0.9818 0.74998 0.97664 0.74944 0.96239 0.7492 0.95934 0.74933 0.95394 0.75056 0.94869 0.75179 0.94783 0.75239 0.94112 0.75993 0.9408 0.76043 0.94072 0.76084 0.94048 0.76206 0.93712 0.77994 0.93639 0.78429 0.93481 0.80116 0.93467 0.80338 0.93459 0.80441 0.9348 0.8146 0.93556 0.81897 0.93565 0.82018 0.93659 0.82352 0.93828 0.82538 0.93987 0.82703
33 0.33638 0.756 0.33951 0.75556 0.34033 0.75505 0.3406 0.75486 0.3433 0.75267 0.34458 0.7505 0.34645 0.74589 0.34693 0.74421 0.34809 0.73151 0.34812 0.7288 0.34745 0.72212 0.34659 0.71015 0.34458 0.69564 0.34418 0.6931 0.3435 0.69086 0.34074 0.68039 0.33958 0.67862 0.33695 0.672 0.33323 0.66831 0.33258 0.66782 0.32824 0.66549 0.32779 0.66521 0.32769 0.66518 0.32264 0.66427 0.32242 0.66427 0.31761 0.66508 0.31327 0.66726 0.31292 0.66744 0.31213 0.6683 0.30817 0.67199 0.30705 0.67383 0.3044 0.68147 0.30346 0.68665 0.30299 0.68894 0.3032 0.69115 0.30367 0.69858 0.30389 0.70391 0.30454 0.70883 0.30528 0.71509 0.30624 0.72037 0.30701 0.72429 0.3082 0.7291 0.30903 0.73235 0.30957 0.73375 0.31258 0.73967 0.31442 0.74238 0.31658 0.74531 0.32016 0.74905 0.32203 0.75084 0.32296 0.75149 0.3288 0.75515 0.3308 0.75583 0.33412 0.75647 0.33507 0.7564
34 0.3375 0.78417 0.33758 0.7845 0.33841 0.78661 0.34386 0.79993 0.34505 0.80275 0.3471 0.80732 0.35722 0.82766 0.36008 0.83306 0.37158 0.85405 0.37382 0.85739 0.37608 0.86107 0.38168 0.86848 0.38287 0.86996 0.38335 0.87017 0.38532 0.87094 0.38548 0.87083 0.38652 0.86945 0.38827 0.86484 0.38882 0.86367 0.38908 0.86262 0.39137 0.84919 0.39146 0.84866 0.39149 0.84837 0.39144 0.84813 0.39121 0.84551 0.39064 0.83661 0.39033 0.8356 0.38852 0.83089 0.38584 0.82607 0.38522 0.82483 0.37928 0.81544 0.3754 0.81075 0.36894 0.80133 0.36861 0.80078 0.36789 0.79964 0.3618 0.78949 0.35961 0.7861 0.35595 0.78003 0.35302 0.7765 0.35063 0.77378 0.34722 0.77206 0.34578 0.77157 0.34218 0.77164 0.34124 0.77164 0.33976 0.77258 0.3381 0.77349 0.33697 0.77528 0.336 0.77696
36 0.94486 0.28708 0.94465 0.28682 0.9419 0.28463 0.93893 0.28331 0.93798 0.28312 0.93492 0.28366 0.93388 0.28395 0.93097 0.28547 0.92886 0.28725 0.92589 0.29057 0.9224 0.29566 0.91929 0.30118 0.91859 0.30325 0.91725 0.31002 0.91725 0.31083 0.91727 0.31159 0.91649 0.31493 0.91638 0.31502 0.91696 0.31478 0.91848 0.31455 0.92296 0.31294 0.92561 0.31205 0.92724 0.31086 0.93333 0.30649 0.93693 0.30326 0.9401 0.29957 0.94255 0.29667 0.94424 0.29352 0.94498 0.29124 0.94491 0.28753
36 0.98385 0.31307 0.98304 0.30941 0.9826 0.30714 0.98052 0.30053 0.9761 0.29065 0.97605 0.29053 0.97602 0.29048 0.97592 0.29038 0.96936 0.28529 0.96728 0.28527 0.9647 0.28522 0.9625 0.28552 0.9608 0.28684 0.96039 0.28719 0.96001 0.29085 0.96016 0.29142 0.96027 0.29262 0.96097 0.29734 0.96278 0.30037 0.96636 0.30571 0.96984 0.30981 0.97177 0.31196 0.97603 0.31373 0.97756 0.31437 0.97815 0.3145 0.98099 0.31526 0.98241 0.31465 0.98248 0.31453
37 1.0 0.21142 0.95249 0.22458 0.90373 0.21134 0.87513 0.18808 0.8427 0.16497 0.774 0.17175 0.70285 0.18518 0.64635 0.203 0.59782 0.22347 0.55238 0.24849 0.50882 0.27721 0.47008 0.30843 0.42736 0.34608 0.3983 0.37691 0.36998 0.4156 0.33937 0.47109 0.31799 0.53335 0.32266 0.60717 0.32815 0.64732 0.34124 0.70243 0.34863 0.75488 0.35675 0.74422 0.35023 0.67909 0.34018 0.62077 0.341 0.55052 0.35923 0.49668 0.38047 0.45649 0.41403 0.43318 0.429 0.47504 0.43281 0.53334 0.45102 0.56291 0.47399 0.59198 0.49401 0.61568 0.5175 0.64516 0.51856 0.67401 0.50552 0.67978 0.52674 0.70488 0.55421 0.7216 0.57893 0.75231 0.60764 0.78364 0.63327 0.81318 0.66133 0.84791 0.69723 0.83768 0.67673 0.81253 0.67109 0.7763 0.70391 0.73638 0.69598 0.70099 0.66414 0.69073 0.67473 0.7201 0.63469 0.70259 0.6203 0.67287 0.61215 0.63308 0.5913 0.60307 0.56837 0.56867 0.56701 0.51588 0.54621 0.53954 0.53199 0.5274 0.47492 0.41091 0.47789 0.36349 0.51082 0.34771 0.55927 0.35614 0.53605 0.31771 0.55901 0.28925 0.59216 0.26461 0.62321 0.24613 0.67303 0.22428 0.73209 0.21066 0.79317 0.21018 0.84045 0.2314 0.87808 0.25576 0.92085 0.28146 0.99734 0.27504 1.0 0.27346
37 0.31062 0.64983 0.30832 0.64588 0.30832 0.64588 0.30405 0.64588 0.30404 0.64588 0.30041 0.64811 0.30041 0.64811 0.29924 0.64961 0.29813 0.65103 0.29813 0.65103 0.29602 0.65566 0.29438 0.66149 0.29438 0.66149 0.29329 0.66731 0.29259 0.67314 0.29231 0.67896 0.29242 0.68479 0.29285 0.69061 0.29369 0.69644 0.29376 0.6968 0.29487 0.70227 0.2949 0.70239 0.29495 0.70263 0.29553 0.70523 0.29651 0.70778 0.29656 0.7079 0.29659 0.70796 0.29917 0.71367 0.29928 0.71391 0.29928 0.71392 0.30123 0.71781 0.30123 0.71782 0.30278 0.72073 0.3055 0.72556 0.3055 0.72557 0.3076 0.72898 0.3076 0.72898 0.31209 0.72993 0.31253 0.72996 0.31338 0.72997 0.31512 0.72685 0.3152 0.7256 0.31496 0.72468 0.31491 0.72449 0.31367 0.71978 0.31366 0.71974 0.31366 0.71974 0.31212 0.71391 0.3121 0.71382 0.31061 0.70778 0.31045 0.70708 0.30943 0.70229 0.30933 0.70182 0.30932 0.70165 0.30863 0.69649 0.30862 0.69644 0.30811 0.69061 0.30787 0.68479 0.30795 0.67896 0.30825 0.67314 0.30887 0.66732 0.30887 0.66731 0.30962 0.66149 0.30962 0.66148 0.31054 0.65567 0.31054 0.65566 0.31062 0.64984
37 0.44033 0.72382 0.44302 0.72674 0.44348 0.72721 0.4463 0.73004 0.45038 0.73295 0.45085 0.7332 0.45375 0.73494 0.4548 0.73494 0.45485 0.73408 0.45454 0.73367 0.45245 0.73116 0.44921 0.72716 0.44881 0.72676 0.44613 0.72425 0.44567 0.72379 0.44283 0.72112 0.44051 0.72112
37 0.49721 0.66583 0.50431 0.66105 0.49951 0.65951 0.49796 0.65678 0.49517 0.66147 0.49613 0.66276
37 0.77745 0.81607 0.77444 0.81443 0.77384 0.81414 0.76976 0.81151 0.76943 0.81122 0.76639 0.80726 0.76614 0.80697 0.7658 0.80646 0.76503 0.80341 0.76514 0.80149 0.76642 0.79668 0.76656 0.79612 0.76667 0.79581 0.76672 0.79567 0.76874 0.78982 0.77074 0.784 0.77093 0.78342 0.77254 0.77863 0.7727 0.77808 0.77287 0.77753 0.77449 0.77218 0.77467 0.77148 0.77472 0.77109 0.77564 0.76651 0.77617 0.76068 0.77616 0.76007 0.77581 0.75546 0.77575 0.75514 0.77567 0.75473 0.77513 0.75239 0.77419 0.75 0.77379 0.74894 0.77359 0.74859 0.77064 0.74418 0.76767 0.74132 0.76729 0.74098 0.76427 0.73897 0.76382 0.73876 0.75867 0.73667 0.75798 0.73653 0.75171 0.73604 0.751 0.73615 0.7446 0.73783 0.74402 0.73804 0.74005 0.73976 0.73968 0.73997 0.73638 0.74238 0.73279 0.74529 0.73233 0.7458 0.72981 0.749 0.72936 0.74962 0.72664 0.75369 0.72624 0.75439 0.72554 0.75556 0.72514 0.75624 0.72467 0.7572 0.72311 0.7603 0.72009 0.76696 0.72002 0.76711 0.71774 0.77234 0.7166 0.77505 0.71542 0.7779 0.71509 0.77881 0.71301 0.78397 0.7109 0.78999 0.71087 0.79011 0.71079 0.79034 0.70971 0.79392 0.70922 0.79566 0.70849 0.7983 0.70767 0.80131 0.70616 0.80732 0.70503 0.81315 0.70489 0.81377 0.70402 0.81899 0.7038 0.81963 0.70287 0.82501 0.70279 0.8251 0.70271 0.82526 0.70299 0.83001 0.70235 0.83064 0.70313 0.83095 0.70311 0.83113 0.70347 0.832 0.70732 0.83603 0.71002 0.83634 0.71133 0.83639 0.71717 0.83805 0.71845 0.83816 0.7241 0.83902 0.72491 0.83897 0.7311 0.83879 0.73186 0.83865 0.73817 0.8378 0.73891 0.83767 0.74523 0.83689 0.74595 0.8369 0.75221 0.83712 0.75291 0.83726 0.75912 0.83842 0.75983 0.83839 0.76612 0.83838 0.77364 0.83527 0.7741 0.83496 0.77497 0.83445 0.77797 0.83193 0.77888 0.83087 0.77924 0.83025 0.78208 0.82481 0.78193 0.82412 0.78033 0.81909 0.77776 0.81622
37 0.84738 0.67498 0.84665 0.6746 0.8461 0.6745 0.83971 0.67312 0.83235 0.67446 0.83166 0.67479 0.83065 0.67516 0.82868 0.67589 0.82628 0.67787 0.82502 0.67895 0.82477 0.67923 0.82423 0.67972 0.8217 0.68205 0.82063 0.68409 0.8204 0.68464 0.82037 0.68502 0.81921 0.69072 0.82002 0.69601 0.82011 0.69627 0.82076 0.69892 0.82109 0.69934 0.82309 0.70241 0.82346 0.70282 0.82612 0.70595 0.82647 0.70601 0.83052 0.7075 0.83111 0.70751 0.83746 0.70791 0.83803 0.70778 0.84291 0.70635 0.84652 0.70408 0.84691 0.7038 0.84972 0.70114 0.84992 0.70083 0.85255 0.69654 0.85278 0.69604 0.85456 0.69071 0.85465 0.69021 0.8547 0.68489 0.85458 0.68438 0.852 0.67884 0.85184 0.67856 0.8516 0.67824
37 0.90851 0.44642 0.91253 0.44126 0.91278 0.44075 0.91416 0.43808 0.91429 0.43788 0.91436 0.43683 0.91058 0.43654 0.90646 0.43687 0.90609 0.43688 0.90281 0.43787 0.90253 0.43795 0.89686 0.43988 0.89637 0.44004 0.89121 0.44199 0.89072 0.44216 0.88741 0.44355 0.88713 0.44365 0.88236 0.44574 0.88201 0.44587 0.87728 0.44792 0.87679 0.44812 0.87345 0.44995 0.87317 0.45006 0.86803 0.45297 0.86787 0.45304 0.86745 0.45321 0.86743 0.45342 0.86749 0.45578 0.86733 0.45761 0.86745 0.45764 0.86821 0.45784 0.87271 0.45919 0.87416 0.45926 0.88125 0.45936 0.88144 0.45936 0.88151 0.45934 0.88158 0.45934 0.8876 0.45841 0.88825 0.45821 0.89389 0.4562 0.89452 0.45592 0.89783 0.45437 0.8981 0.45422 0.90297 0.45108 0.90326 0.45087 0.90368 0.45056 0.90821 0.44674 0.90839 0.44656
37 0.89129 0.3872 0.89169 0.38194 0.89188 0.38151 0.89144 0.38061 0.8876 0.38061 0.88708 0.38112 0.8868 0.38151 0.88626 0.38683 0.88635 0.3872
37 0.84259 0.41038 0.84324 0.41027 0.84278 0.40926
37 1.0 0.68052 0.99688 0.68537 0.99693 0.68619 0.99653 0.69023 0.9968 0.69105 0.99798 0.69653 0.99813 0.69681 1.0 0.70027
37 1.0 0.44591 0.99611 0.44393 0.99566 0.44374 0.99257 0.44244 0.99226 0.44232 0.98773 0.44045 0.98723 0.44025 0.98208 0.4382 0.98158 0.43801 0.97847 0.43687 0.97816 0.43676 0.97393 0.43682 0.97341 0.43682 0.97091 0.43961 0.97276 0.44537 0.97282 0.4459 0.97514 0.44914 0.97537 0.4495 0.98002 0.45255 0.98007 0.4526 0.98018 0.45267 0.98327 0.45444 0.98594 0.45565 0.986 0.45568 0.98607 0.45571 0.99244 0.45803 0.99302 0.45828 0.99994 0.45925 0.99997 0.45927 1.0 0.45927
37 1.0 0.38064 0.99962 0.38064 0.99925 0.38111 0.99904 0.38151 0.99903 0.38718 0.99927 0.3878 1.0 0.3878
38 0.91425 0.29732 0.91425 0.29375 0.91421 0.29305 0.91405 0.2926 0.91242 0.28807 0.91013 0.28482 0.90875 0.28258 0.90724 0.28083 0.89962 0.27417 0.89855 0.27335 0.89812 0.27297 0.89752 0.27248 0.88396 0.26198 0.8836 0.26173 0.87021 0.25266 0.86677 0.25028 0.85557 0.2433 0.84681 0.23778 0.83903 0.23316 0.83259 0.22961 0.82346 0.22494 0.82042 0.22347 0.81154 0.22001 0.80845 0.21884 0.80715 0.21847 0.79437 0.21501 0.78013 0.21163 0.78001 0.2116 0.77993 0.21159 0.77966 0.21157 0.76592 0.21045 0.7596 0.21051 0.75205 0.21082 0.73798 0.212 0.73697 0.21211 0.73549 0.21233 0.72259 0.21441 0.70995 0.21735 0.70455 0.21855 0.69584 0.22087 0.68383 0.22423 0.67616 0.22694 0.66607 0.2301 0.65773 0.23344 0.64555 0.23858 0.63363 0.24369 0.62156 0.24943 0.61706 0.25148 0.61424 0.25293 0.60904 0.25557 0.60451 0.25812 0.60013 0.2609 0.59561 0.26364 0.59213 0.26584 0.5888 0.26807 0.58758 0.26894 0.58588 0.27033 0.58376 0.27208 0.58265 0.27311 0.58118 0.27425 0.57874 0.27646 0.57807 0.27707 0.57568 0.27916 0.57489 0.27992 0.57469 0.28012 0.57097 0.2831 0.57014 0.28381 0.56935 0.28445 0.56665 0.28663 0.56621 0.28701 0.56593 0.28724 0.56513 0.2879 0.5626 0.28991 0.5617 0.29066 0.55917 0.29288 0.55651 0.29551 0.5561 0.29589 0.55508 0.29684 0.55259 0.29928 0.55042 0.30147 0.54964 0.30232 0.54669 0.30623 0.54633 0.30672 0.54627 0.3068 0.54266 0.31333 0.54156 0.31558 0.53828 0.32346 0.53772 0.32481 0.5373 0.32694 0.53618 0.33343 0.53611 0.33869 0.53612 0.34002 0.53669 0.34147 0.53816 0.34527 0.54062 0.34803 0.54258 0.35026 0.54456 0.35161 0.54914 0.35459 0.55272 0.35605 0.55937 0.35861 0.57009 0.3607 0.57424 0.36174 0.57744 0.36232 0.59166 0.36345 0.59514 0.36382 0.60608 0.36418 0.60702 0.36423 0.61724 0.36418 0.6295 0.36363 0.63449 0.36378 0.65308 0.36291 0.65431 0.36293 0.65539 0.36292 0.66331 0.36245 0.67273 0.36185 0.67915 0.36123 0.68847 0.36042 0.69076 0.36029 0.69481 0.35983 0.70811 0.35792 0.71758 0.35634 0.72207 0.35506 0.7276 0.35365 0.73229 0.35191 0.73628 0.35059 0.74062 0.34852 0.74462 0.34647 0.7469 0.34471 0.7479 0.34404 0.74831 0.34348 0.74919 0.34209 0.74909 0.34071 0.74868 0.33951 0.74704 0.33751 0.74487 0.33582 0.74302 0.33458 0.7393 0.33273 0.73829 0.33226 0.72992 0.3291 0.72981 0.32906 0.72967 0.32902 0.71931 0.32554 0.71303 0.32361 0.70905 0.32229 0.70623 0.32136 0.69878 0.31909 0.69292 0.31706 0.68782 0.31553 0.68201 0.31357 0.67973 0.31281 0.67647 0.3115 0.67312 0.30979 0.67292 0.3097 0.66932 0.30705 0.66795 0.30617 0.66466 0.30277 0.6629 0.30065 0.66219 0.2995 0.6621 0.29728 0.66281 0.29633 0.66331 0.29548 0.66371 0.29512 0.66607 0.29392 0.66811 0.29322 0.67016 0.29245 0.67225 0.29161 0.67768 0.29031 0.67943 0.29004 0.68098 0.28991 0.68548 0.28925 0.68999 0.28835 0.69393 0.28767 0.70129 0.28671 0.70733 0.28568 0.71284 0.28476 0.71965 0.284 0.7249 0.28347 0.735 0.28274 0.73774 0.2826 0.74634 0.28254 0.75283 0.28291 0.75706 0.28324 0.76229 0.28398 0.76843 0.28485 0.77384 0.28596 0.78096 0.28744 0.79294 0.29032 0.79483 0.2908 0.79567 0.29103 0.80786 0.29441 0.81012 0.29515 0.82609 0.29991 0.82788 0.30053 0.82944 0.30105 0.8481 0.30654 0.84999 0.3071 0.85017 0.30714 0.85052 0.30723 0.86596 0.31139 0.87171 0.31268 0.87513 0.31338 0.87871 0.31396 0.88467 0.31454 0.8882 0.31491 0.88965 0.31491 0.89467 0.31484 0.89506 0.31474 0.89816 0.31375 0.89945 0.31338 0.90153 0.31221 0.90434 0.3106 0.90552 0.3094 0.9087 0.30636 0.9117 0.30247 0.91264 0.30144 0.91332 0.29977
38 1.0 0.2794 0.99509 0.28391 0.99308 0.28616 0.99061 0.28916 0.98979 0.29078 0.98925 0.29285 0.98912 0.29596 0.98912 0.29782 0.98979 0.30093 0.9909 0.30349 0.9918 0.30516 0.99272 0.3066 0.99495 0.30915 0.99764 0.31163 0.99866 0.31224 0.99945 0.31272 1.0 0.31305
40 0.44604 0.56577 0.44435 0.568 0.44233 0.57172 0.44226 0.57192 0.44163 0.57728 0.4414 0.58017 0.4414 0.58694 0.44271 0.595 0.44341 0.59846 0.44522 0.60549 0.4461 0.60877 0.4478 0.61346 0.44994 0.61816 0.45099 0.62129 0.45384 0.62691 0.45904 0.63302 0.45936 0.63349 0.45966 0.63377 0.46728 0.64017 0.46767 0.64055 0.4682 0.64073 0.47434 0.64316 0.47733 0.64414 0.48562 0.64546 0.48902 0.64583 0.50181 0.6469 0.50207 0.6469 0.50229 0.64684 0.5092 0.64602 0.51149 0.64494 0.51268 0.64392 0.51461 0.64135 0.51486 0.64073 0.51487 0.63941 0.51477 0.63678 0.51374 0.63459 0.51231 0.63206 0.50999 0.62879 0.50774 0.62559 0.50279 0.61993 0.49922 0.61632 0.49636 0.61331 0.4864 0.6019 0.48277 0.59772 0.47921 0.59344 0.47066 0.58204 0.46211 0.57264 0.46081 0.57133 0.45545 0.5667 0.45137 0.56531 0.44975 0.56506 0.44656 0.56543
50 0.95039 0.56838 0.95174 0.56808 0.9516 0.56438 0.953 0.55848 0.95249 0.55368 0.95243 0.54185 0.9524 0.53882 0.95235 0.53495 0.9519 0.52337 0.95212 0.5205 0.95251 0.51557 0.95276 0.514 0.95561 0.5022 0.95534 0.49798 0.95326 0.49128 0.95323 0.49114 0.95318 0.49098 0.95127 0.48641 0.9444 0.48477 0.94185 0.48419 0.93278 0.48347 0.93141 0.48343 0.9312 0.48347 0.92652 0.48493 0.92539 0.48572 0.92371 0.48899 0.92216 0.49522 0.92153 0.49839 0.92089 0.50964 0.9208 0.51054 0.91883 0.52477 0.9171 0.53678 0.91506 0.54789 0.9129 0.55696 0.91229 0.56159 0.91316 0.56452 0.91324 0.56748 0.91414 0.56856 0.9181 0.57158 0.91882 0.57169 0.92227 0.57151 0.93063 0.5714 0.93312 0.57133 0.93674 0.57087 0.9466 0.56997
52 0.35499 0.63258 0.35148 0.63155 0.34614 0.62956 0.34503 0.62959 0.34279 0.63086 0.34151 0.63166 0.34094 0.63373 0.34062 0.63637 0.34044 0.63799 0.34016 0.64081 0.33966 0.64981 0.3403 0.65612 0.34111 0.66009 0.34355 0.67157 0.34451 0.67572 0.34465 0.67638 0.34668 0.68687 0.34932 0.69986 0.34951 0.70078 0.34957 0.70227 0.35125 0.72401 0.35234 0.73702 0.35291 0.74235 0.35339 0.74843 0.35507 0.7619 0.35696 0.77039 0.35872 0.77643 0.35995 0.78064 0.36197 0.78638 0.36393 0.78989 0.3651 0.79152 0.36699 0.79397 0.36756 0.79451 0.36799 0.79443 0.36914 0.79171 0.36927 0.79131 0.3717 0.77818 0.37181 0.77723 0.37189 0.77657 0.37221 0.77463 0.37418 0.75915 0.37706 0.74596 0.37739 0.7442 0.3776 0.74369 0.38187 0.73112 0.38329 0.72865 0.38938 0.71834 0.38956 0.71805 0.38976 0.71778 0.39786 0.7081 0.39972 0.70651 0.40711 0.70126 0.40781 0.70086 0.40896 0.69994 0.41403 0.69666 0.41418 0.69488 0.4146 0.69231 0.41339 0.68726 0.41282 0.68587 0.40901 0.68146 0.40411 0.67531 0.40185 0.67321 0.39278 0.66422 0.38707 0.65844 0.38383 0.65535 0.37305 0.64592 0.36889 0.64233 0.35905 0.63495 0.35609 0.63287
53 0.62471 0.43955 0.62496 0.44055 0.62573 0.44098 0.63007 0.44514 0.63308 0.4475 0.63679 0.44832 0.64235 0.44866 0.64718 0.44861 0.6562 0.44814 0.66242 0.44754 0.66927 0.44636 0.678 0.44581 0.68824 0.44478 0.69542 0.44459 0.70782 0.44452 0.71464 0.44407 0.71893 0.44354 0.72837 0.44317 0.73422 0.44278 0.7382 0.442 0.74214 0.43961 0.74498 0.43697 0.74738 0.43352 0.75009 0.42782 0.75226 0.42159 0.75471 0.41377 0.75472 0.41367 0.75416 0.4068 0.75385 0.40285 0.75327 0.39966 0.75108 0.39559 0.74893 0.39225 0.74718 0.38944 0.74051 0.38279 0.7341 0.37896 0.72752 0.37595 0.72215 0.3748 0.70885 0.37171 0.70641 0.37115 0.70411 0.37094 0.6895 0.37056 0.68875 0.37063 0.67151 0.37234 0.67101 0.37241 0.66908 0.37268 0.65946 0.37442 0.6553 0.37661 0.65165 0.37886 0.6504 0.37996 0.64409 0.38656 0.64364 0.38711 0.63969 0.39235 0.63608 0.39653 0.63345 0.39982 0.62983 0.40374 0.62749 0.40726 0.62459 0.41135 0.62334 0.41348 0.62249 0.41638 0.62086 0.42018 0.62041 0.42258 0.62008 0.42403 0.62015 0.42955 0.62111 0.43256 0.62178 0.43604
54 0.90952 0.4303 0.91015 0.42861 0.90837 0.42368 0.90753 0.4223 0.90586 0.42024 0.89966 0.41313 0.89388 0.40718 0.89058 0.40412 0.88881 0.40258 0.88488 0.39923 0.87888 0.39396 0.87553 0.3915 0.87127 0.38977 0.86724 0.38906 0.8643 0.38952 0.86058 0.39054 0.85455 0.3935 0.85327 0.39444 0.84803 0.39935 0.84333 0.40617 0.84285 0.40723 0.84041 0.41139 0.83844 0.41474 0.83822 0.415 0.83697 0.41782 0.83431 0.42405 0.83434 0.42478 0.83428 0.42948 0.83433 0.43106 0.83435 0.43122 0.83631 0.43657 0.83789 0.44071 0.83918 0.44269 0.84143 0.4457 0.84416 0.44805 0.84689 0.45032 0.85219 0.45246 0.85357 0.45303 0.86098 0.45389 0.8618 0.45394 0.86366 0.45382 0.8697 0.45315 0.87287 0.45224 0.87531 0.45159 0.88137 0.44905 0.88275 0.44847 0.89339 0.44431 0.89753 0.44265 0.90298 0.44 0.90548 0.43781 0.90776 0.43463 0.9082 0.43389
54 1.0 0.40147 0.99416 0.40677 0.98731 0.41294 0.98171 0.41821 0.97958 0.42046 0.97654 0.42547 0.97619 0.42699 0.97586 0.42959 0.97562 0.4318 0.97618 0.43352 0.97742 0.43677 0.97868 0.43869 0.98098 0.44118 0.98692 0.4441 0.98723 0.44426 0.98864 0.44477 0.99518 0.44732 1.0 0.44895
55 0.71972 0.71266 0.71553 0.71478 0.7151 0.71494 0.71489 0.71512 0.71335 0.71689 0.71134 0.71967 0.71116 0.72333 0.71152 0.7301 0.71148 0.73289 0.71092 0.73722 0.71022 0.74479 0.70784 0.75289 0.70759 0.75394 0.7064 0.75554 0.70308 0.76064 0.70171 0.76153 0.69215 0.76681 0.69193 0.76693 0.69189 0.76695 0.69129 0.76717 0.68087 0.77107 0.68008 0.77145 0.67273 0.77517 0.66926 0.77805 0.66658 0.78043 0.66436 0.78591 0.66433 0.78597 0.66433 0.78601 0.66565 0.79541 0.66606 0.79693 0.6685 0.80486 0.67148 0.8103 0.67388 0.81416 0.68098 0.82448 0.6811 0.82466 0.68115 0.82472 0.68992 0.83426 0.69519 0.83832 0.69707 0.83959 0.70342 0.84183 0.70507 0.84245 0.70536 0.84252 0.70584 0.84245 0.71057 0.8421 0.71562 0.84135 0.7197 0.8406 0.73109 0.83759 0.73171 0.83743 0.73227 0.83715 0.74199 0.83412 0.74667 0.83099 0.75029 0.82921 0.75804 0.8231 0.7589 0.82208 0.75953 0.82126 0.76064 0.82026 0.76688 0.81394 0.76945 0.81127 0.77746 0.80477 0.77784 0.80441 0.77898 0.80235 0.78266 0.79548 0.78301 0.79447 0.78537 0.7868 0.78628 0.78169 0.78678 0.77907 0.78733 0.76825 0.78731 0.7676 0.78688 0.7662 0.78548 0.75465 0.78385 0.75046 0.7832 0.7483 0.78133 0.74357 0.77917 0.73971 0.77452 0.73392 0.77227 0.73129 0.76593 0.72565 0.76469 0.72486 0.76241 0.72385 0.75705 0.72075 0.74841 0.71797 0.74686 0.71754 0.74518 0.71712 0.73695 0.7146 0.73249 0.71414 0.72434 0.71282 0.72307 0.71279
57 0.80524 0.43084 0.80864 0.42499 0.81177 0.41963 0.8194 0.40742 0.82059 0.40212 0.82087 0.40126 0.82073 0.40063 0.81852 0.39682 0.81738 0.39537 0.8106 0.39197 0.80851 0.39092 0.80558 0.39008 0.79544 0.38726 0.77816 0.38432 0.77619 0.38386 0.77257 0.38316 0.76788 0.38313 0.76068 0.38317 0.7545 0.38408 0.7531 0.38479 0.74873 0.3909 0.74855 0.39474 0.75176 0.40373 0.7527 0.41502 0.7532 0.41633 0.75296 0.41959 0.75204 0.42875 0.75085 0.43167 0.75067 0.44168 0.75018 0.44312 0.75045 0.44585 0.75054 0.44713 0.7513 0.44906 0.75212 0.45108 0.75252 0.45199 0.75682 0.45728 0.76047 0.45991 0.76398 0.46309 0.76563 0.46391 0.76927 0.46545 0.77329 0.46557 0.77604 0.46514 0.77991 0.46328 0.78184 0.46255 0.78601 0.45862 0.78798 0.45671 0.78915 0.45497 0.79664 0.44427
67 0.6446 0.87489 0.64701 0.87124 0.64797 0.86588 0.64876 0.86223 0.64922 0.85482 0.65039 0.84884 0.64974 0.84352 0.64981 0.83787 0.6485 0.8319 0.64821 0.83107 0.64699 0.82878 0.64276 0.81968 0.63926 0.81478 0.63657 0.81066 0.62989 0.80248 0.62743 0.79915 0.61617 0.78672 0.61609 0.78663 0.61602 0.78655 0.60435 0.77388 0.60234 0.77161 0.5899 0.75829 0.58693 0.75463 0.57691 0.74336 0.57153 0.7372 0.57079 0.73639 0.56751 0.73292 0.55768 0.72198 0.54853 0.71344 0.54539 0.7106 0.54308 0.70857 0.53785 0.70383 0.53498 0.70167 0.53141 0.69933 0.53067 0.69888 0.53052 0.69886 0.52936 0.69911 0.52912 0.70009 0.52796 0.70218 0.52666 0.70839 0.52653 0.70966 0.52642 0.71201 0.52633 0.72132 0.52767 0.73523 0.52788 0.73699 0.52801 0.73766 0.52903 0.74875 0.53072 0.76594 0.53074 0.76751 0.53169 0.78735 0.53158 0.79862 0.53182 0.80853 0.53183 0.81571 0.5312 0.83288 0.53116 0.83693 0.53101 0.84179 0.53077 0.85766 0.53027 0.8626 0.53072 0.87506 0.53094 0.87553 0.53102 0.87659 0.53337 0.8883 0.53409 0.8941 0.53603 0.89935 0.53863 0.90379 0.5416 0.90833 0.54465 0.91308 0.54884 0.91784 0.55157 0.92044 0.55291 0.92182 0.55689 0.92472 0.55777 0.92528 0.56151 0.92567 0.56244 0.92551 0.56821 0.92361 0.57349 0.92176 0.57417 0.92151 0.57535 0.92099 0.58809 0.91503 0.59862 0.90952 0.60793 0.90431 0.619 0.8976 0.62432 0.8941 0.62752 0.89208 0.63591 0.8857 0.63771 0.88436 0.63827 0.8838 0.64278 0.87846
69 1.0 0.37519 0.99994 0.37516 0.99896 0.37466 0.99854 0.37421 0.99297 0.36658 0.992 0.36518 0.9875 0.35973 0.98561 0.35749 0.98515 0.35705 0.98229 0.35552 0.9808 0.35471 0.98061 0.35469 0.97946 0.35515 0.97735 0.35606 0.9756 0.35788 0.97132 0.36233 0.96848 0.36611 0.95939 0.37553 0.9568 0.37839 0.95486 0.37935 0.94944 0.38266 0.9456 0.38307 0.94156 0.38341 0.93629 0.37826 0.93219 0.37471 0.93071 0.37242 0.92237 0.36159 0.92214 0.36131 0.92208 0.36124 0.92162 0.36076 0.91576 0.35505 0.91535 0.35486 0.91221 0.35596 0.91082 0.35692 0.90734 0.36016 0.90627 0.36094 0.90571 0.36164 0.90402 0.36313 0.89732 0.369 0.89177 0.37293 0.89037 0.37385 0.88528 0.37725 0.88334 0.37888 0.882 0.3804 0.88219 0.38264 0.8823 0.38359 0.88228 0.38418 0.88332 0.38958 0.88406 0.39161 0.88805 0.39757 0.89145 0.40239 0.89812 0.41024 0.90493 0.41655 0.90736 0.41897 0.91381 0.42311 0.91521 0.42399 0.91755 0.42457 0.92206 0.42615 0.92699 0.42584 0.9274 0.42579 0.92764 0.42563 0.93218 0.423 0.93805 0.41855 0.93897 0.41785 0.94094 0.41797 0.94731 0.4175 0.94928 0.41895 0.95549 0.42149 0.95711 0.42279 0.95804 0.42318 0.96548 0.42461 0.96603 0.42453 0.96967 0.42257 0.9756 0.41978 0.97685 0.41905 0.98148 0.41481 0.99021 0.40736 0.99329 0.40374 1.0 0.39613
75 0.95189 0.94609 0.95253 0.94536 0.9523 0.94372 0.95188 0.94319 0.94903 0.94239 0.94186 0.94232 0.94006 0.94239 0.93722 0.94237 0.92048 0.94297 0.9107 0.94315 0.90219 0.94311 0.89457 0.94235 0.88348 0.94114 0.88294 0.94108 0.87659 0.94055 0.87403 0.94097 0.87133 0.94172 0.86822 0.94238 0.8671 0.94296 0.86754 0.94396 0.86895 0.9461 0.86924 0.94768 0.86998 0.95093 0.8753 0.95669 0.87592 0.95717 0.87676 0.95756 0.88839 0.96109 0.89757 0.96433 0.89771 0.96437 0.90802 0.96494 0.90912 0.96493 0.91834 0.96368 0.92404 0.96282 0.9247 0.96271 0.92712 0.96188 0.93563 0.95857 0.9401 0.9556 0.94424 0.95255 0.94511 0.9517 0.94639 0.9511 0.94834 0.94935
77 0.83096 0.4495 0.8264 0.45275 0.82505 0.45418 0.82195 0.45755 0.8187 0.46228 0.81683 0.46465 0.81319 0.47272 0.81254 0.47425 0.81168 0.4764 0.80828 0.48759 0.8065 0.49349 0.80553 0.50131 0.80549 0.50181 0.8055 0.50216 0.80618 0.51109 0.80638 0.51538 0.80771 0.52579 0.8082 0.52882 0.81254 0.54255 0.81283 0.54346 0.81286 0.54354 0.81289 0.54362 0.81301 0.54386 0.81907 0.55624 0.82076 0.55864 0.82712 0.56573 0.82808 0.56668 0.82982 0.56812 0.83796 0.57508 0.84453 0.57977 0.85064 0.58398 0.85504 0.58625 0.85982 0.5882 0.86317 0.58922 0.86595 0.58941 0.87106 0.58904 0.87622 0.5885 0.87899 0.58769 0.88382 0.58575 0.88795 0.58348 0.8929 0.5803 0.89698 0.57711 0.90297 0.57288 0.90664 0.56963 0.90923 0.56683 0.91319 0.56084 0.91372 0.55987 0.91397 0.55932 0.91643 0.54979 0.91809 0.54314 0.91827 0.54259 0.91839 0.54207 0.92123 0.52496 0.92147 0.52211 0.92171 0.51211 0.92189 0.50482 0.92159 0.49915 0.92074 0.49347 0.91889 0.48865 0.91742 0.48505 0.91276 0.47882 0.91099 0.4764 0.90934 0.47518 0.90296 0.47006 0.90086 0.46843 0.89251 0.46459 0.89236 0.46453 0.89235 0.46452 0.88175 0.46142 0.87964 0.46082 0.87396 0.45999 0.86818 0.45939 0.86499 0.45895 0.86162 0.45833 0.85854 0.45711 0.85611 0.45641 0.85079 0.4537 0.8496 0.45309 0.84941 0.45295 0.84918 0.45281 0.84107 0.44884 0.8391 0.44861 0.83472 0.44852 0.83123 0.4494
77 0.96343 0.4805 0.9582 0.49062 0.95471 0.50231 0.95379 0.50593 0.95326 0.50791 0.95183 0.51319 0.95013 0.52083 0.94992 0.52693 0.9502 0.53268 0.9507 0.53952 0.9507 0.54582 0.9515 0.5494 0.95287 0.55452 0.95377 0.55733 0.95728 0.56524 0.96018 0.56997 0.96072 0.57079 0.96571 0.57521 0.9671 0.57626 0.96844 0.57738 0.97423 0.58211 0.97581 0.58292 0.98173 0.58566 0.98924 0.58865 0.98971 0.58885 0.98996 0.58891 0.99719 0.58922 0.99989 0.58884 1.0 0.58881 1.0 0.46039 0.99903 0.4606 0.99752 0.46105 0.99473 0.46206 0.98601 0.46499 0.97885 0.46845 0.97537 0.4706 0.96989 0.47398 0.96422 0.47946 0.96382 0.47995 0.96363 0.48016
79 0.89827 0.67853 0.89725 0.68184 0.89567 0.69272 0.89614 0.69556 0.89648 0.69965 0.89675 0.7045 0.89835 0.70683 0.89892 0.70737 0.9 0.70729 0.90423 0.70678 0.90693 0.70696 0.9083 0.70636 0.9118 0.70218 0.91192 0.70198 0.91282 0.70071 0.9145 0.69823 0.91711 0.69216 0.91909 0.68852 0.92356 0.68338 0.92491 0.68235 0.92769 0.68338 0.93126 0.68514 0.93306 0.68848 0.93394 0.69139 0.93476 0.6919 0.93593 0.69306 0.93982 0.70274 0.94157 0.70458 0.94307 0.70618 0.9476 0.70694 0.94801 0.70699 0.94818 0.70692 0.94838 0.70699 0.95237 0.70598 0.95267 0.70544 0.95479 0.70096 0.95555 0.69155 0.95574 0.69059 0.95577 0.68991 0.95438 0.67484 0.95423 0.67294 0.9514 0.6594 0.95133 0.65923 0.95026 0.65716 0.94742 0.65174 0.94729 0.65149 0.94318 0.64655 0.94092 0.64504 0.93658 0.64409 0.93303 0.64321 0.93109 0.64288 0.92636 0.64255 0.92473 0.64271 0.91856 0.64399 0.91756 0.64447 0.91381 0.64632 0.91 0.6496 0.90943 0.65007 0.90909 0.65063 0.90529 0.6579 0.90357 0.66209 0.89938 0.6754
85 0.79136 0.54622 0.79041 0.54742 0.79016 0.5483 0.78984 0.54977 0.79376 0.56024 0.79413 0.56142 0.79429 0.56179 0.79496 0.56304 0.80247 0.5759 0.80816 0.58345 0.81035 0.58603 0.81663 0.5927 0.82101 0.59712 0.82353 0.59917 0.83238 0.60517 0.83896 0.60843 0.8424 0.61027 0.84535 0.61086 0.84999 0.6118 0.85335 0.61127 0.85735 0.61023 0.86168 0.60763 0.86395 0.60617 0.86472 0.60467 0.86694 0.60036 0.86622 0.59721 0.8662 0.59713 0.86489 0.59367 0.86087 0.59123 0.85545 0.5883 0.85446 0.58766 0.84661 0.58203 0.8377 0.57547 0.83487 0.57313 0.83241 0.57062 0.82503 0.56266 0.82004 0.55672 0.81637 0.55343 0.81352 0.55097 0.81075 0.54843 0.80229 0.54514 0.80227 0.54513 0.80227 0.54513 0.80223 0.54513 0.7958 0.54417 0.79491 0.54421 0.7936 0.54478 0.79175 0.54519
85 1.0 0.59322 0.99983 0.59349 0.99821 0.59528 0.99779 0.596 0.99689 0.59987 0.99598 0.60261 0.99655 0.60394 0.99861 0.60765 0.99938 0.61046 0.9997 0.6107 1.0 0.61072
91 0.98005 0.46411 0.98352 0.45989 0.98379 0.45878 0.98299 0.45613 0.98149 0.45412 0.97676 0.44867 0.97204 0.44269 0.96938 0.43988 0.96544 0.43629 0.9616 0.43413 0.96037 0.43344 0.95374 0.43245 0.95345 0.43246 0.95278 0.43244 0.94247 0.4323 0.93392 0.43182 0.93182 0.43181 0.93051 0.43196 0.92447 0.4326 0.92047 0.43461 0.91841 0.43612 0.91443 0.43996 0.91065 0.4434 0.9084 0.44541 0.9018 0.45168 0.89774 0.45462 0.89594 0.45693 0.89584 0.45738 0.89499 0.46056 0.89496 0.46113 0.89695 0.46431 0.90004 0.46746 0.9056 0.47154 0.91149 0.47493 0.92338 0.47939 0.92602 0.48083 0.92756 0.48099 0.93359 0.48147 0.93941 0.48218 0.94774 0.4818 0.95382 0.48098 0.95873 0.47865 0.96195 0.47735 0.96612 0.4748 0.96847 0.47361 0.97652 0.46742 0.97869 0.46611
95 0.89485 0.67236 0.89238 0.67236 0.89058 0.67286 0.88228 0.67606 0.88174 0.67619 0.88054 0.67692 0.87085 0.68252 0.8682 0.68408 0.86321 0.68942 0.86118 0.69109 0.85797 0.69674 0.85761 0.69743 0.85753 0.69849 0.85721 0.70155 0.85947 0.70506 0.85971 0.7053 0.86051 0.70561 0.86675 0.70743 0.86958 0.70761 0.8766 0.70715 0.88055 0.70644 0.88419 0.70371 0.88633 0.70084 0.89144 0.69251 0.89294 0.68929 0.89594 0.67671 0.89611 0.67594 0.89605 0.67568
95 0.95937 0.67408 0.95931 0.67574 0.95916 0.68188 0.95928 0.68356 0.95938 0.6841 0.95936 0.68522 0.96049 0.69418 0.96359 0.69977 0.96398 0.70008 0.96441 0.70068 0.96775 0.7043 0.97039 0.70529 0.97405 0.70632 0.97972 0.70635 0.98357 0.70638 0.98807 0.70494 0.99147 0.70306 0.99329 0.70062 0.9941 0.69925 0.99416 0.69763 0.99324 0.69342 0.9894 0.68935 0.98371 0.68449 0.97701 0.67957 0.97152 0.67538 0.96896 0.67455 0.96351 0.67209 0.96187 0.67239 0.96081 0.67282
98 0.90359 0.87702 0.9052 0.878 0.91013 0.87869 0.91045 0.87877 0.91123 0.87873 0.91784 0.87856 0.92017 0.87806 0.9252 0.87629 0.92608 0.87572 0.92783 0.87332 0.92872 0.87222 0.92924 0.87096 0.93028 0.86837 0.93072 0.86549 0.93154 0.85919 0.93207 0.85343 0.9334 0.83348 0.93408 0.82167 0.93631 0.78406 0.93669 0.77687 0.93668 0.77517 0.93694 0.75687 0.93681 0.75581 0.93575 0.75182 0.93366 0.7496 0.93171 0.74736 0.92734 0.74552 0.92558 0.74471 0.92339 0.74495 0.91976 0.74476 0.91689 0.74555 0.91488 0.74599 0.91305 0.74738 0.91074 0.74917 0.9089 0.75169 0.90809 0.75315 0.90608 0.76279 0.90603 0.76299 0.90591 0.76431 0.90327 0.78874 0.90254 0.79553 0.90231 0.80142 0.90197 0.80654 0.89935 0.85153 0.89936 0.85172 0.90041 0.86516 0.90109 0.87366 0.90142 0.87503 0.90208 0.87573
101 0.20214 0.70208 0.20165 0.7028 0.20118 0.70341 0.1992 0.70631 0.19916 0.70835 0.19899 0.71021 0.19992 0.71437 0.20044 0.71591 0.20091 0.71755 0.20358 0.72469 0.20743 0.73373 0.20943 0.73825 0.21405 0.74818 0.21476 0.74989 0.21851 0.75892 0.21928 0.7607 0.22586 0.77639 0.22599 0.77673 0.22994 0.78623 0.2339 0.79587 0.2374 0.80421 0.24173 0.81463 0.24279 0.81723 0.25033 0.8331 0.25067 0.83381 0.25106 0.83462 0.26115 0.85436 0.26373 0.85895 0.27016 0.8698 0.27243 0.87355 0.27991 0.88515 0.285 0.89314 0.29439 0.90639 0.29531 0.90772 0.29627 0.90913 0.3047 0.92112 0.31008 0.92758 0.31625 0.9354 0.31969 0.93945 0.32506 0.94499 0.32812 0.9471 0.33136 0.94942 0.33382 0.95025 0.33467 0.95041 0.33714 0.95034 0.33815 0.95013 0.34164 0.94852 0.34242 0.94808 0.34356 0.94701 0.34778 0.94332 0.35231 0.93812 0.35267 0.93771 0.35385 0.93615 0.36128 0.92661 0.36447 0.92241 0.37216 0.91133 0.3739 0.90889 0.37555 0.90626 0.38123 0.89723 0.38275 0.89239 0.38323 0.89126 0.38341 0.89031 0.38414 0.88631 0.3839 0.88327 0.3835 0.8804 0.38263 0.87709 0.38154 0.87334 0.37963 0.86942 0.3777 0.86481 0.37188 0.85385 0.37176 0.85356 0.3716 0.85324 0.36514 0.8402 0.35974 0.82949 0.35546 0.821 0.3503 0.81121 0.34579 0.80232 0.34143 0.7935 0.33931 0.78931 0.33511 0.78118 0.33289 0.7767 0.33218 0.77516 0.32923 0.76975 0.32402 0.76014 0.32289 0.75818 0.31723 0.74777 0.3149 0.74354 0.31252 0.73892 0.30975 0.73255 0.30709 0.72618 0.30573 0.72277 0.30359 0.71704 0.29972 0.70664 0.29611 0.6985 0.29548 0.69692 0.29477 0.69573 0.29158 0.69024 0.28936 0.68772 0.28795 0.68652 0.28445 0.68472 0.28408 0.68457 0.28291 0.68438 0.27871 0.68381 0.27134 0.68395 0.26948 0.68398 0.26613 0.68419 0.25576 0.6851 0.24641 0.68591 0.24399 0.68638 0.2312 0.69018 0.23024 0.69042 0.22882 0.69079 0.21603 0.69444 0.2117 0.6961 0.20816 0.69774 0.20693 0.69823
102 0.37925 0.90461 0.37868 0.90504 0.37826 0.90554 0.36866 0.91605 0.35641 0.93179 0.35295 0.93635 0.35157 0.93834 0.34448 0.94828 0.3441 0.94956 0.34309 0.95367 0.34306 0.95603 0.34371 0.95774 0.34575 0.96056 0.34639 0.96126 0.34886 0.96266 0.35303 0.96482 0.35861 0.96723 0.36389 0.96932 0.36598 0.97015 0.38145 0.9748 0.38492 0.97556 0.38999 0.97655 0.39867 0.97801 0.4076 0.9783 0.40966 0.97833 0.41094 0.97835 0.41374 0.97772 0.41988 0.97673 0.4209 0.97611 0.42582 0.97262 0.42751 0.97026 0.42973 0.96319 0.43016 0.96144 0.43032 0.95771 0.43075 0.94927 0.43006 0.94105 0.42989 0.93742 0.42741 0.9258 0.42719 0.92477 0.42275 0.91713 0.42208 0.91551 0.41953 0.91342 0.41218 0.9081 0.4032 0.90377 0.40092 0.90222 0.39924 0.9016 0.3916 0.89951 0.38951 0.8995 0.38581 0.90015
106 0.79211 0.57736 0.79335 0.57534 0.79326 0.57218 0.79329 0.56905 0.79305 0.56629 0.79249 0.56397 0.79084 0.55711 0.78937 0.55364 0.78608 0.54308 0.78571 0.54196 0.785 0.54006 0.78296 0.53448 0.7814 0.52662 0.78119 0.52563 0.78042 0.5229 0.77674 0.51001 0.77547 0.5061 0.76879 0.4871 0.76849 0.48627 0.76839 0.48606 0.76194 0.47224 0.75863 0.4671 0.75637 0.46374 0.75517 0.46235 0.75249 0.45919 0.74774 0.45426 0.74192 0.45036 0.73875 0.44924 0.73293 0.44731 0.72843 0.4463 0.71802 0.44547 0.70533 0.4439 0.70337 0.44379 0.69161 0.44369 0.68536 0.44413 0.67744 0.4444 0.67292 0.44496 0.66332 0.44667 0.65922 0.44771 0.64912 0.45102 0.64905 0.45106 0.64885 0.45118 0.64534 0.45374 0.64435 0.45505 0.64388 0.45621 0.64375 0.45706 0.64519 0.46 0.64777 0.46343 0.64843 0.4643 0.6491 0.46484 0.65488 0.47105 0.66727 0.48388 0.66933 0.48593 0.67107 0.4877 0.6837 0.50042 0.68706 0.50469 0.6935 0.51226 0.69994 0.52005 0.70708 0.52953 0.71236 0.53646 0.71927 0.5457 0.72216 0.54976 0.72937 0.55968 0.72998 0.56047 0.73239 0.56355 0.73734 0.57002 0.73814 0.571 0.74076 0.57336 0.74575 0.57763 0.75087 0.5813 0.75126 0.58158 0.75144 0.58169 0.755 0.58358 0.75863 0.58553 0.75907 0.58577 0.76539 0.58644 0.76826 0.58624 0.77404 0.58499 0.78176 0.58292 0.78382 0.58243 0.78991 0.57932
119 0.30517 0.23135 0.30421 0.2326 0.30306 0.23427 0.30276 0.23608 0.30261 0.23677 0.30263 0.23722 0.30336 0.24102 0.3048 0.2442 0.3063 0.24752 0.30871 0.25031 0.31557 0.25782 0.32395 0.26594 0.32952 0.27152 0.34367 0.28547 0.34462 0.28644 0.34558 0.28746 0.35549 0.29764 0.36433 0.30644 0.36847 0.3107 0.37945 0.32153 0.3814 0.32359 0.39192 0.33349 0.39541 0.33699 0.40435 0.34519 0.40619 0.34694 0.4093 0.34916 0.41127 0.35047 0.41282 0.35091 0.41539 0.35163 0.41692 0.35153 0.41978 0.35141 0.42307 0.35002 0.4241 0.34949 0.4252 0.34864 0.43031 0.34503 0.43614 0.34024 0.4404 0.33656 0.44796 0.33016 0.45285 0.32582 0.4577 0.32172 0.46223 0.31831 0.4661 0.31479 0.47238 0.30961 0.48785 0.29666 0.49185 0.29336 0.49428 0.29136 0.50822 0.27994 0.5091 0.27924 0.51632 0.27398 0.52258 0.2694 0.5238 0.26858 0.53565 0.26105 0.55104 0.2514 0.5526 0.25044 0.55332 0.24998 0.56859 0.24042 0.57235 0.23808 0.5799 0.23316 0.58228 0.23162 0.5841 0.22958 0.58837 0.22587 0.58984 0.22288 0.59052 0.22135 0.59121 0.22033 0.59164 0.21831 0.59153 0.21745 0.59036 0.21402 0.58797 0.20931 0.58575 0.20487 0.58028 0.19493 0.5802 0.19479 0.58006 0.19452 0.57353 0.18238 0.5711 0.17802 0.56634 0.16908 0.56381 0.16436 0.56224 0.16127 0.55775 0.15276 0.55392 0.1449 0.54761 0.13236 0.54624 0.12965 0.54535 0.12799 0.53997 0.11734 0.53708 0.11207 0.53593 0.11047 0.53355 0.10831 0.53028 0.1058 0.53008 0.10565 0.53003 0.10562 0.52983 0.10558 0.52783 0.10498 0.52657 0.10468 0.52504 0.10448 0.52374 0.10465 0.52041 0.10555 0.5139 0.10781 0.5074 0.11004 0.49749 0.11362 0.48846 0.11712 0.48233 0.11959 0.46902 0.1252 0.45396 0.13194 0.45073 0.1334 0.44199 0.13769 0.43075 0.14326 0.42706 0.14512 0.40815 0.1553 0.4043 0.15758 0.38465 0.16953 0.38287 0.17061 0.38261 0.17076 0.38207 0.17111 0.36154 0.18477 0.35714 0.18795 0.34171 0.19935 0.3406 0.20017 0.34027 0.20043 0.33701 0.20303 0.32496 0.21266 0.32312 0.21431 0.31605 0.22062 0.31205 0.22425 0.30611 0.23031
123 0.54321 0.10493 0.54302 0.10688 0.54269 0.10988 0.54278 0.11523 0.54293 0.11641 0.54338 0.11774 0.54704 0.12785 0.54745 0.12886 0.54823 0.13073 0.55205 0.13931 0.55434 0.14386 0.55928 0.15307 0.5626 0.15956 0.56849 0.17025 0.57405 0.18042 0.57474 0.18145 0.57549 0.18255 0.58085 0.18954 0.58308 0.1925 0.58769 0.19902 0.58976 0.20097 0.59331 0.20378 0.59848 0.2069 0.60107 0.20801 0.60378 0.20924 0.60896 0.21069 0.61273 0.21122 0.61596 0.21145 0.62399 0.20986 0.62536 0.2097 0.62603 0.20959 0.62804 0.20917 0.64271 0.20495 0.65288 0.20168 0.6599 0.1998 0.67765 0.1938 0.6868 0.19138 0.7012 0.18733 0.70402 0.1866 0.71082 0.18486 0.72178 0.1818 0.72607 0.18055 0.73347 0.17855 0.74167 0.1763 0.75109 0.17374 0.75122 0.17369 0.75173 0.1719 0.7516 0.17056 0.75048 0.16813 0.74451 0.16241 0.7427 0.16078 0.74173 0.15988 0.73976 0.15853 0.73057 0.15279 0.71899 0.1473 0.7134 0.14466 0.70465 0.14134 0.68768 0.13385 0.66817 0.12564 0.65917 0.12138 0.64192 0.11362 0.62389 0.10601 0.61231 0.10103 0.59927 0.09618 0.59773 0.09572 0.59449 0.09515 0.58424 0.09355 0.5802 0.09293 0.57079 0.09304 0.56529 0.09371 0.56281 0.09421 0.56181 0.09454 0.55407 0.09833 0.55322 0.09867 0.54582 0.10138 0.54558 0.10159
129 0.5853 0.43781 0.58456 0.43805 0.57916 0.44047 0.57271 0.44401 0.5725 0.44417 0.56622 0.44937 0.56429 0.45153 0.55737 0.46017 0.55231 0.4662 0.54895 0.47054 0.54379 0.47665 0.53441 0.48772 0.53376 0.48842 0.53334 0.48884 0.52306 0.50054 0.52103 0.503 0.51315 0.51311 0.51112 0.51583 0.50695 0.52389 0.50649 0.52493 0.50628 0.52564 0.50452 0.53574 0.50465 0.53749 0.50517 0.54083 0.50609 0.54556 0.50723 0.54806 0.5099 0.55227 0.51284 0.55527 0.51531 0.55788 0.52047 0.56225 0.52956 0.57036 0.53081 0.57118 0.53279 0.57288 0.54231 0.58164 0.54677 0.58657 0.5561 0.59533 0.55715 0.59628 0.56526 0.60298 0.57012 0.60702 0.57063 0.60747 0.58177 0.61627 0.58928 0.62233 0.59087 0.62337 0.59342 0.62506 0.59996 0.62971 0.60274 0.63121 0.60832 0.63327 0.60847 0.63332 0.60854 0.63334 0.60859 0.63333 0.61083 0.63282 0.61089 0.63132 0.61103 0.63062 0.61056 0.62956 0.6095 0.62682 0.60727 0.62436 0.60019 0.61754 0.5994 0.6168 0.59742 0.6149 0.59041 0.60816 0.58858 0.6059 0.58142 0.59796 0.57925 0.59549 0.57715 0.59292 0.57222 0.58643 0.57039 0.58377 0.56562 0.57604 0.56075 0.56842 0.56048 0.56794 0.55826 0.55853 0.55781 0.5566 0.5578 0.55652 0.55771 0.5562 0.55462 0.5434 0.55431 0.5415 0.55483 0.53774 0.55592 0.53065 0.55679 0.52498 0.55903 0.51641 0.5638 0.50638 0.56483 0.50435 0.56662 0.50112 0.57082 0.49377 0.57414 0.48917 0.57861 0.48302 0.58453 0.47583 0.58489 0.47542 0.58526 0.47509 0.59253 0.46848 0.59516 0.46501 0.59922 0.46047 0.60044 0.45878 0.60092 0.45712 0.60216 0.45436 0.60211 0.44907 0.60211 0.44888 0.60209 0.44871 0.5996 0.44259 0.59951 0.44248 0.59889 0.44192 0.5961 0.43972 0.59139 0.4382 0.59107 0.43812 0.59101 0.4381
131 0.93691 0.07782 0.93599 0.07457 0.93257 0.07075 0.93057 0.06818 0.92684 0.06448 0.92467 0.06237 0.92267 0.06094 0.91164 0.05366 0.91078 0.0531 0.91039 0.05289 0.90979 0.0526 0.8945 0.04569 0.89259 0.04518 0.88207 0.0423 0.87614 0.04158 0.86882 0.04059 0.8618 0.03981 0.85329 0.03953 0.84799 0.03948 0.83994 0.03981 0.83532 0.04027 0.82738 0.04136 0.82708 0.04145 0.82314 0.0435 0.82306 0.04359 0.82073 0.04612 0.81937 0.04944 0.81931 0.04972 0.8191 0.05262 0.81843 0.06221 0.81831 0.06343 0.8174 0.07956 0.81695 0.08458 0.81578 0.09967 0.81536 0.10732 0.81426 0.125 0.81396 0.12997 0.81392 0.1425 0.81395 0.1443 0.81473 0.15135 0.81598 0.15583 0.81648 0.15739 0.81868 0.15993 0.8195 0.16113 0.81983 0.16153 0.82138 0.16226 0.82456 0.1638 0.83014 0.16452 0.83254 0.16452 0.84299 0.16417 0.84607 0.16372 0.84985 0.16303 0.85305 0.16157 0.85334 0.16145 0.85373 0.16115 0.85834 0.15736 0.86221 0.15362 0.87364 0.14172 0.87856 0.13665 0.89116 0.12314 0.89387 0.12065 0.90157 0.11371 0.90799 0.10802 0.91853 0.09896 0.92037 0.09738 0.93051 0.08907 0.93426 0.08497 0.93603 0.08252 0.93688 0.07805 0.93693 0.0779
131 1.0 0.06745 0.99942 0.06796 0.9963 0.07126 0.99461 0.07379 0.99295 0.07848 0.99257 0.07917 0.99255 0.07944 0.99258 0.07992 0.99335 0.08435 0.99535 0.08813 0.99945 0.09271 1.0 0.09317
133 0.93663 0.08885 0.93521 0.0897 0.92792 0.0938 0.92621 0.09478 0.92566 0.09515 0.91586 0.10224 0.91322 0.10404 0.90313 0.11229 0.89975 0.11529 0.89147 0.12312 0.88184 0.13257 0.87825 0.13642 0.86905 0.14651 0.86679 0.14917 0.86061 0.15649 0.85801 0.16017 0.85736 0.16105 0.85696 0.16231 0.85603 0.1654 0.85606 0.16642 0.8572 0.17069 0.85731 0.17118 0.85736 0.17134 0.85972 0.17641 0.86174 0.17905 0.86506 0.18268 0.8677 0.18546 0.87334 0.1911 0.88253 0.19854 0.88725 0.20278 0.89988 0.21233 0.90299 0.21479 0.90672 0.21729 0.91382 0.22194 0.918 0.22396 0.91969 0.22457 0.92399 0.22628 0.92563 0.22689 0.92807 0.22714 0.9326 0.22767 0.93617 0.22764 0.93724 0.22765 0.94174 0.2271 0.9435 0.22674 0.94642 0.22547 0.94749 0.22507 0.948 0.22468 0.95047 0.22292 0.95181 0.22051 0.95322 0.21846 0.95519 0.21311 0.95627 0.20962 0.95745 0.20504 0.95816 0.20136 0.9587 0.1984 0.95984 0.18024 0.96003 0.1768 0.96032 0.17235 0.96051 0.169 0.96076 0.16495 0.96166 0.14566 0.96287 0.1213 0.96287 0.11929 0.96241 0.11198 0.96229 0.11122 0.96164 0.10799 0.96083 0.10605 0.95926 0.10355 0.95568 0.09813 0.95505 0.09734 0.95377 0.09601 0.94951 0.09188 0.94529 0.08851 0.94455 0.08808 0.94326 0.08776 0.94086 0.08753 0.93837 0.08814
133 1.0 0.09338 0.99817 0.09203 0.99706 0.09135 0.99218 0.08905 0.98825 0.08819 0.9872 0.08803 0.9868 0.08806 0.98609 0.08821 0.98335 0.08864 0.98183 0.08922 0.9801 0.09051 0.97742 0.09287 0.97483 0.09508 0.97323 0.09651 0.97015 0.09977 0.96766 0.1035 0.96627 0.10584 0.96577 0.10741 0.96419 0.11119 0.96371 0.1154 0.96323 0.11854 0.96193 0.13068 0.96073 0.14609 0.95871 0.17458 0.95778 0.18831 0.95725 0.19644 0.95716 0.20139 0.95751 0.20701 0.958 0.21102 0.95931 0.21703 0.95931 0.21704 0.95932 0.21705 0.96117 0.22167 0.96214 0.22284 0.96572 0.22538 0.966 0.22565 0.96624 0.22573 0.97163 0.22717 0.97167 0.22718 0.97167 0.22718 0.97889 0.22714 0.97944 0.22712 0.98053 0.22689 0.9875 0.22567 0.99236 0.22383 0.99281 0.22366 0.99327 0.2234 0.99903 0.22047 1.0 0.21997
134 0.9146 0.60966 0.90899 0.61002 0.89992 0.61317 0.8991 0.6135 0.89873 0.61369 0.89463 0.616 0.89467 0.61744 0.89519 0.61836 0.89507 0.6187 0.89793 0.62274 0.89802 0.62284 0.90686 0.626 0.91065 0.62883 0.91664 0.63302 0.91735 0.63345 0.91762 0.63349 0.92583 0.63325 0.93251 0.63359 0.93946 0.63357 0.94833 0.62998 0.95036 0.62903 0.95101 0.62847 0.95844 0.62381 0.96247 0.62111 0.96315 0.62063 0.96759 0.61649 0.9691 0.61539 0.96913 0.61434 0.96758 0.61348 0.96392 0.61233 0.95721 0.61146 0.94408 0.60962 0.93683 0.60899 0.93093 0.60888
142 0.87918 0.62475 0.87008 0.62456 0.86098 0.62441 0.85337 0.62604 0.85202 0.62658 0.85053 0.62954 0.84688 0.63529 0.84396 0.64128 0.84022 0.64918 0.83887 0.6546 0.83683 0.66089 0.83697 0.66744 0.83713 0.66906 0.83781 0.66985 0.84627 0.67583 0.84793 0.67646 0.84907 0.67703 0.85009 0.67806 0.85416 0.67969 0.86067 0.68091 0.86335 0.68115 0.86711 0.67805 0.87541 0.67328 0.88111 0.66899 0.88634 0.66336 0.89252 0.65664 0.89694 0.64785 0.89896 0.64355 0.89891 0.64149 0.89866 0.63248 0.89743 0.63036 0.89287 0.62643 0.88767 0.62497
142 1.0 0.62383 0.99852 0.62339 0.99092 0.6236 0.98522 0.62356 0.97905 0.62455 0.96789 0.629 0.96592 0.63028 0.96363 0.63225 0.95924 0.63816 0.95819 0.64439 0.95802 0.64775 0.95849 0.65174 0.96059 0.65532 0.96256 0.65763 0.96427 0.65963 0.96989 0.66482 0.97442 0.66922 0.98164 0.67408 0.98674 0.67673 0.98848 0.67729 0.99209 0.6778 0.99861 0.67815 1.0 0.67759
153 0.29069 0.24508 0.28839 0.24648 0.28719 0.24723 0.2832 0.25044 0.27954 0.25371 0.27524 0.25801 0.26853 0.26472 0.26173 0.27163 0.25791 0.27576 0.25156 0.28277 0.24898 0.2857 0.24613 0.28909 0.24177 0.29434 0.24062 0.2959 0.2315 0.30787 0.22919 0.31122 0.22341 0.31913 0.22284 0.31992 0.22244 0.32062 0.21936 0.32671 0.21791 0.33059 0.21765 0.33168 0.21763 0.3324 0.21755 0.33584 0.21741 0.33781 0.21731 0.34099 0.21723 0.34478 0.21773 0.34609 0.21931 0.35983 0.22039 0.36223 0.22176 0.3698 0.22225 0.37481 0.21831 0.39019 0.21801 0.39114 0.2166 0.39354 0.2082 0.40826 0.20407 0.41334 0.19858 0.42179 0.19239 0.42942 0.18529 0.43754 0.18384 0.43951 0.1784 0.44918 0.17548 0.45405 0.17009 0.46226 0.16893 0.46444 0.16938 0.47399 0.16956 0.47452 0.17071 0.47643 0.17419 0.48139 0.17473 0.48175 0.17628 0.48229 0.18525 0.48547 0.19477 0.4884 0.19684 0.4889 0.21059 0.49249 0.21663 0.49374 0.23084 0.49695 0.24353 0.49963 0.25087 0.50119 0.26063 0.50335 0.27323 0.50579 0.27972 0.50695 0.2922 0.5096 0.29738 0.51066 0.30101 0.5114 0.3082 0.51265 0.31687 0.51356 0.31744 0.51361 0.31755 0.51361 0.31773 0.51358 0.32172 0.51285 0.32428 0.51145 0.32502 0.51101 0.32548 0.51053 0.32774 0.50752 0.32934 0.50449 0.33136 0.49997 0.33522 0.49084 0.33621 0.48838 0.33696 0.48649 0.3401 0.48014 0.34407 0.47147 0.34553 0.4684 0.35304 0.454 0.35412 0.45197 0.35646 0.44776 0.36249 0.43674 0.36583 0.43091 0.37459 0.41598 0.37775 0.41072 0.38616 0.39787 0.38826 0.39476 0.39102 0.39126 0.39755 0.38278 0.40153 0.37806 0.40534 0.37344 0.40991 0.36712 0.41042 0.36643 0.41062 0.36565 0.41166 0.36267 0.41153 0.35931 0.41157 0.35878 0.41155 0.35856 0.41021 0.35655 0.40771 0.35269 0.40643 0.35134 0.40117 0.34521 0.39564 0.33927 0.39002 0.33365 0.38685 0.33048 0.37798 0.32081 0.3659 0.30911 0.36529 0.30849 0.36436 0.3075 0.35101 0.29391 0.33696 0.27973 0.33627 0.27905 0.33456 0.27736 0.32139 0.26415 0.31866 0.26138 0.31416 0.25733 0.30702 0.25079 0.30349 0.24839 0.29927 0.2459 0.29643 0.24492 0.29366 0.24454 0.29165 0.24469
158 0.17025 0.53842 0.17013 0.53814 0.16988 0.53817 0.16171 0.5439 0.16011 0.55001 0.16075 0.55229 0.16155 0.5532 0.17212 0.55763 0.17287 0.55771 0.17381 0.55719 0.17473 0.55637 0.17415 0.55502
160 0.70811 0.85344 0.70816 0.8542 0.70821 0.85445 0.70982 0.86087 0.71057 0.86246 0.71492 0.86976 0.7189 0.87613 0.72463 0.88586 0.72738 0.89036 0.73479 0.90159 0.74258 0.91185 0.74517 0.91508 0.74649 0.91652 0.75466 0.92381 0.75738 0.92565 0.76545 0.93027 0.77189 0.93363 0.77909 0.93644 0.78888 0.93893 0.79957 0.94096 0.80258 0.94129 0.80459 0.94146 0.81329 0.94171 0.81929 0.94063 0.82177 0.94028 0.82305 0.93986 0.82471 0.93865 0.82714 0.93646 0.82862 0.93388 0.82909 0.93272 0.82872 0.93093 0.82838 0.92903 0.82671 0.92716 0.82484 0.92484 0.82196 0.92283 0.81514 0.91848 0.80516 0.91236 0.80447 0.91196 0.80397 0.91146 0.79557 0.90281 0.79126 0.89689 0.78571 0.88765 0.78141 0.88086 0.7798 0.87807 0.77576 0.87179 0.77129 0.86461 0.76962 0.86236 0.76299 0.8527 0.75855 0.84828 0.75602 0.84594 0.75438 0.84479 0.74783 0.84096 0.74648 0.84033 0.74222 0.83937 0.73771 0.83829 0.73642 0.83812 0.73379 0.83825 0.72875 0.83836 0.72087 0.83936 0.72072 0.83939 0.72062 0.83942 0.71563 0.84256 0.71131 0.84589 0.71089 0.84626 0.70981 0.84749 0.70836 0.84974
160 1.0 0.92139 0.99563 0.92501 0.99463 0.92607 0.99252 0.92943 0.99193 0.93031 0.992 0.93056 0.99277 0.93288 0.99309 0.93452 0.9945 0.93657 0.99599 0.93816 0.9986 0.93925 1.0 0.93957
162 0.75791 0.60737 0.75553 0.61305 0.75131 0.61836 0.74888 0.62218 0.74169 0.62764 0.73993 0.63118 0.73252 0.63424 0.72408 0.63545 0.71905 0.63719 0.71189 0.63874 0.70781 0.64035 0.70233 0.64383 0.70147 0.64576 0.70199 0.64729 0.7014 0.64875 0.70612 0.64902 0.70687 0.64904 0.70704 0.649 0.70744 0.64885 0.71475 0.64609 0.71951 0.6436 0.72305 0.64127 0.73537 0.63658 0.73856 0.63501 0.74849 0.63012 0.75748 0.62679 0.7582 0.62644 0.76968 0.62129 0.77341 0.61986 0.78741 0.61467 0.79777 0.61242 0.8054 0.61024 0.81234 0.60853 0.81481 0.60797 0.81495 0.60791 0.81491 0.6064 0.81471 0.60487 0.81374 0.60126 0.81203 0.5985 0.81027 0.59567 0.80781 0.59256 0.8055 0.5907 0.80163 0.58818 0.79788 0.58612 0.79332 0.58557 0.78591 0.58584 0.77934 0.58706 0.77197 0.58875 0.76757 0.59192 0.76568 0.59351 0.76434 0.59544 0.76094 0.60135
163 0.21503 0.40645 0.21394 0.4005 0.21015 0.39725 0.20627 0.39597 0.19712 0.39273 0.1946 0.39246 0.19371 0.39234 0.19052 0.39329 0.18711 0.39416 0.18638 0.39499 0.18169 0.40092 0.18112 0.40245 0.17825 0.40885 0.17653 0.41291 0.17604 0.41415 0.17324 0.4218 0.17224 0.42621 0.16897 0.43605 0.16895 0.43766 0.16887 0.4445 0.16995 0.44834 0.17131 0.45099 0.17594 0.45305 0.17889 0.45209 0.18898 0.44222 0.20024 0.4326 0.20094 0.43179 0.2014 0.43129 0.20327 0.42907 0.21382 0.41538
164 0.81189 0.70076 0.81277 0.70062 0.81347 0.69991 0.81701 0.69671 0.81752 0.69421 0.82063 0.68942 0.82173 0.68436 0.82616 0.67794 0.82766 0.6741 0.8303 0.66739 0.83342 0.66371 0.83455 0.65956 0.83699 0.65286 0.83949 0.64448 0.84167 0.63811 0.84174 0.63275 0.84178 0.62812 0.84013 0.62227 0.83943 0.6215 0.8351 0.6176 0.83276 0.61644 0.83025 0.61516 0.82507 0.61295 0.8191 0.61245 0.81576 0.61225 0.81356 0.61221 0.80492 0.61227 0.79895 0.61322 0.79381 0.61447 0.78459 0.61752 0.77861 0.61944 0.77653 0.62013 0.77168 0.62234 0.75385 0.62983 0.73989 0.63582 0.73062 0.64053 0.71831 0.64642 0.71678 0.6473 0.70904 0.65153 0.7061 0.65354 0.70417 0.65494 0.70385 0.65602 0.70435 0.65757 0.70456 0.65873 0.70459 0.66011 0.70663 0.66175 0.70956 0.66387 0.71369 0.66694 0.71772 0.66913 0.72478 0.67291 0.72773 0.67428 0.72975 0.67519 0.74811 0.68283 0.75889 0.68687 0.77153 0.69082 0.79338 0.69898 0.79379 0.69908 0.79454 0.69925 0.80594 0.70104
165 0.58685 0.4207 0.58652 0.41794 0.58647 0.41786 0.58642 0.41782 0.58611 0.4177 0.58441 0.41732 0.58164 0.41934 0.58129 0.41959 0.58119 0.41967 0.57777 0.42421 0.57762 0.42452 0.57762 0.4258 0.57773 0.4265 0.57793 0.42661 0.57885 0.42692 0.58073 0.42656 0.58201 0.42658 0.58446 0.42547 0.58606 0.42338 0.58655 0.42285 0.58671 0.42222
167 0.57836 0.53067 0.57161 0.52305 0.57046 0.52208 0.56733 0.51967 0.56617 0.51925 0.56459 0.51922 0.56447 0.51923 0.56428 0.51937 0.5634 0.52007 0.5618 0.52224 0.56074 0.52599 0.55948 0.52913 0.55834 0.53943 0.55839 0.54054 0.55873 0.54283 0.56048 0.55088 0.56308 0.56232 0.56325 0.56285 0.56363 0.56367 0.56867 0.57402 0.57521 0.58338 0.57619 0.58464 0.57737 0.58622 0.58409 0.59436 0.59125 0.60173 0.59311 0.60341 0.59451 0.60465 0.60634 0.61497 0.61206 0.62025 0.61884 0.62591 0.62737 0.6315 0.63041 0.63316 0.63595 0.63579 0.64619 0.64009 0.65504 0.64235 0.66006 0.64349 0.66324 0.64423 0.67249 0.64569 0.67821 0.64545 0.68093 0.64522 0.68731 0.64313 0.68807 0.64282 0.68818 0.64276 0.6884 0.64096 0.68693 0.63949 0.6849 0.63723 0.68061 0.63347 0.67932 0.63227 0.67704 0.63075 0.67057 0.62642 0.66792 0.62455 0.66023 0.61836 0.6557 0.61438 0.65113 0.60963 0.64201 0.59871 0.64182 0.59846 0.64169 0.5983 0.63297 0.58644 0.62917 0.58205 0.62205 0.57359 0.61886 0.56974 0.60735 0.55856 0.60564 0.55708 0.59732 0.55025 0.59031 0.54412 0.58823 0.54215 0.5787 0.53104
169 0.662 0.48018 0.65132 0.47111 0.64728 0.46868 0.64302 0.46632 0.63474 0.46458 0.63448 0.46452 0.63421 0.46452 0.62277 0.46473 0.62232 0.46481 0.61528 0.46646 0.61066 0.46769 0.60694 0.4687 0.59919 0.47233 0.59824 0.47277 0.59726 0.47339 0.58861 0.4796 0.5878 0.4802 0.58116 0.48664 0.57893 0.48963 0.57528 0.49619 0.5733 0.49932 0.57272 0.50014 0.57117 0.50411 0.56958 0.50861 0.56937 0.51123 0.56942 0.51489 0.57 0.51614 0.57237 0.52176 0.57385 0.52369 0.57873 0.52938 0.58543 0.53782 0.58675 0.53936 0.58754 0.54016 0.59263 0.54504 0.60089 0.55241 0.61446 0.56436 0.61884 0.56872 0.62882 0.58043 0.63045 0.58235 0.63248 0.58489 0.64031 0.59435 0.65115 0.60812 0.65147 0.6085 0.65165 0.60867 0.66138 0.61777 0.66302 0.61902 0.67126 0.62468 0.67837 0.62824 0.68268 0.63042 0.6926 0.63389 0.69303 0.634 0.69417 0.63418 0.70267 0.63517 0.70699 0.63489 0.71305 0.63434 0.71884 0.6332 0.72382 0.63224 0.72998 0.62986 0.73339 0.62798 0.7401 0.62347 0.74227 0.62182 0.74701 0.6157 0.74995 0.61264 0.75153 0.60906 0.75402 0.60278 0.7541 0.60202 0.75396 0.59602 0.75264 0.59171 0.75204 0.59036 0.75157 0.58973 0.74901 0.5854 0.74468 0.58097 0.74198 0.57658 0.73636 0.56939 0.73517 0.568 0.7344 0.56701 0.72624 0.55565 0.72095 0.54833 0.71623 0.54184 0.71372 0.53857 0.70528 0.52737 0.70357 0.52515 0.69795 0.51778 0.69074 0.50872 0.68814 0.50596 0.68617 0.50368 0.68202 0.49917 0.67591 0.49271 0.66712 0.4846 0.66391 0.48173 0.66321 0.4811
173 0.84343 0.83671 0.84085 0.83758 0.8317 0.84105 0.82673 0.84363 0.82083 0.84697 0.81463 0.85127 0.81099 0.85421 0.80629 0.85822 0.80345 0.86078 0.79733 0.86886 0.79701 0.86935 0.79643 0.87025 0.79126 0.88008 0.79039 0.88431 0.78973 0.88847 0.78932 0.89176 0.78982 0.89482 0.79234 0.90034 0.79327 0.90199 0.79437 0.90389 0.79763 0.90811 0.80011 0.91055 0.80227 0.91206 0.80818 0.91461 0.81122 0.91575 0.8189 0.91796 0.82323 0.91889 0.82928 0.91981 0.8302 0.9198 0.83994 0.91759 0.84072 0.91746 0.84185 0.91698 0.85184 0.91274 0.85994 0.9091 0.86147 0.90827 0.87088 0.9017 0.87098 0.90162 0.88472 0.89005 0.88476 0.89 0.89125 0.88192 0.89593 0.87337 0.89619 0.87236 0.89662 0.87077 0.89781 0.86228 0.89791 0.85556 0.89763 0.85422 0.89445 0.85033 0.89168 0.84633 0.8866 0.84012 0.88487 0.83861 0.87805 0.83502 0.87664 0.83476 0.86955 0.83372 0.86062 0.83381 0.85675 0.83388 0.84805 0.83566
173 0.94918 0.83766 0.94851 0.83813 0.94688 0.83933 0.94214 0.84349 0.94061 0.8451 0.93698 0.85124 0.93566 0.85396 0.934 0.8606 0.93366 0.8657 0.93387 0.87014 0.93382 0.87702 0.93406 0.87831 0.93532 0.8806 0.93956 0.88743 0.94047 0.88906 0.94357 0.89233 0.9507 0.89946 0.95737 0.9047 0.96222 0.90831 0.9762 0.91578 0.97629 0.91582 0.97634 0.91583 0.98733 0.91865 0.98863 0.91882 0.99476 0.919 1.0 0.91884 1.0 0.84175 0.99659 0.84013 0.99082 0.83832 0.98369 0.83611 0.9748 0.83336 0.97106 0.83283 0.96321 0.83305 0.96139 0.83329 0.95625 0.83472
175 0.17575 0.61794 0.18603 0.6191 0.18936 0.61974 0.20442 0.6201 0.20678 0.62016 0.20794 0.62011 0.23023 0.61929 0.24495 0.61888 0.25477 0.61829 0.26144 0.61801 0.28004 0.61772 0.29031 0.6173 0.29862 0.61711 0.30772 0.61614 0.31153 0.61568 0.31393 0.61546 0.31883 0.61405 0.32049 0.61288 0.32251 0.61096 0.32406 0.60868 0.32587 0.60056 0.32607 0.5997 0.32607 0.59934 0.32597 0.59826 0.32507 0.5826 0.32497 0.57709 0.32474 0.57063 0.32455 0.56865 0.32425 0.5622 0.32362 0.55412 0.32358 0.5508 0.32379 0.54761 0.32389 0.53289 0.32389 0.52735 0.32381 0.52369 0.32365 0.52267 0.32276 0.52075 0.32199 0.51967 0.32091 0.51865 0.31946 0.51708 0.31492 0.5153 0.31441 0.51509 0.30576 0.51311 0.30254 0.51235 0.29351 0.51018 0.28284 0.50785 0.26483 0.50416 0.26265 0.50372 0.26046 0.50329 0.24268 0.49987 0.22236 0.49626 0.22099 0.49605 0.21988 0.49593 0.20342 0.49368 0.19377 0.49281 0.18865 0.49208 0.18502 0.49231 0.17699 0.49253 0.17304 0.4934 0.17026 0.49519 0.16581 0.49984 0.16513 0.50087 0.16245 0.51184 0.16245 0.5121 0.16178 0.52817 0.16176 0.53022 0.1607 0.55121 0.16068 0.55255 0.16115 0.57246 0.16094 0.5812 0.16096 0.59592 0.16412 0.60362 0.16585 0.60881 0.1665 0.61223 0.17029 0.61728
176 0.92675 0.67015 0.9238 0.67193 0.92066 0.67856 0.91958 0.68167 0.91845 0.68614 0.91685 0.69826 0.91681 0.7022 0.91715 0.70716 0.91766 0.71096 0.91902 0.71293 0.9209 0.71336 0.92404 0.71307 0.9268 0.71296 0.92903 0.71259 0.93181 0.70862 0.9325 0.70751 0.93271 0.70681 0.93332 0.7046 0.9351 0.6948 0.93491 0.69064 0.93517 0.68427 0.93408 0.68021 0.93204 0.67498 0.93045 0.67267 0.92799 0.67057 0.92719 0.6699
177 0.80074 0.71924 0.80454 0.71741 0.80512 0.7155 0.80557 0.71504 0.80568 0.7139 0.8059 0.71217 0.80514 0.70984 0.80392 0.70851 0.80216 0.7055 0.79453 0.70176 0.79041 0.6992 0.77354 0.6923 0.75494 0.68531 0.74953 0.68301 0.73256 0.67568 0.70954 0.66607 0.7093 0.66598 0.70892 0.66582 0.69413 0.65933 0.68537 0.65575 0.67521 0.65187 0.66549 0.64875 0.65639 0.64615 0.65557 0.64591 0.64809 0.64423 0.64149 0.64335 0.63834 0.6432 0.63637 0.6434 0.63388 0.64369 0.63302 0.64614 0.63295 0.64639 0.63296 0.64658 0.63303 0.65271 0.63332 0.65318 0.63379 0.65371 0.63737 0.65876 0.64405 0.66439 0.64721 0.66706 0.65317 0.6714 0.66488 0.67955 0.67043 0.68329 0.6828 0.69101 0.69444 0.69819 0.69823 0.70038 0.70029 0.70165 0.71306 0.70811 0.71531 0.70893 0.72671 0.71281 0.73105 0.71406 0.74166 0.71704 0.74619 0.71798 0.75287 0.71912 0.76156 0.72061 0.76328 0.72071 0.77311 0.72079 0.78744 0.7204 0.79064 0.72017 0.79998 0.71953