2 0.59829 0.05249 0.59564 0.05258 0.5866 0.05298 0.5828 0.05347 0.58002 0.05388 0.57612 0.05451 0.56261 0.05672 0.55457 0.05819 0.54929 0.05923 0.54482 0.06035 0.53932 0.06184 0.52798 0.06475 0.52135 0.06613 0.5143 0.06773 0.50623 0.06974 0.49703 0.07203 0.49232 0.07336 0.48565 0.07538 0.47884 0.07751 0.46687 0.08113 0.46109 0.08283 0.45331 0.0856 0.44734 0.08774 0.44021 0.09083 0.43896 0.0914 0.43694 0.09252 0.43368 0.09489 0.43238 0.09681 0.43193 0.09832 0.43194 0.09955 0.4328 0.10128 0.43505 0.10624 0.43668 0.11162 0.43765 0.11395 0.44084 0.11874 0.44558 0.12533 0.45299 0.13582 0.45507 0.13851 0.46027 0.14495 0.4661 0.15166 0.47242 0.15955 0.47614 0.16352 0.48194 0.16967 0.48253 0.17033 0.48344 0.17108 0.48918 0.17557 0.49379 0.1783 0.50078 0.18316 0.51127 0.18669 0.51449 0.18796 0.51859 0.18875 0.53337 0.19029 0.53587 0.19034 0.54091 0.18968 0.54584 0.18895 0.54792 0.18848 0.55481 0.18716 0.56155 0.18587 0.56465 0.18504 0.56724 0.18438 0.57641 0.18228 0.58324 0.18021 0.59385 0.17812 0.60778 0.17549 0.6128 0.17427 0.63389 0.16986 0.63426 0.16978 0.63433 0.16977 0.65365 0.16624 0.65577 0.16584 0.66069 0.1644 0.6653 0.16319 0.6671 0.16265 0.66955 0.16047 0.66972 0.16 0.66993 0.15713 0.6687 0.14929 0.66844 0.14785 0.66732 0.14494 0.66197 0.13392 0.65761 0.12579 0.6526 0.11856 0.64462 0.10512 0.63756 0.09434 0.63024 0.08184 0.62791 0.07844 0.6174 0.06523 0.61488 0.06192 0.61081 0.05912 0.60563 0.0552 0.60359 0.05422
10 0.63689 0.0539 0.63651 0.05316 0.63608 0.05316 0.63126 0.05061 0.62992 0.05055 0.62715 0.05087 0.6218 0.05225 0.6192 0.0537 0.61675 0.05556 0.61612 0.05624 0.6169 0.05958 0.62191 0.06915 0.62232 0.06981 0.62251 0.07013 0.62564 0.07516 0.63374 0.08815 0.63476 0.08925 0.6388 0.09395 0.64794 0.10446 0.65072 0.10795 0.65207 0.10787 0.65391 0.10604 0.65396 0.10246 0.65268 0.09643 0.65256 0.09373 0.65244 0.09244 0.65104 0.08468 0.65005 0.08111 0.64759 0.07415 0.64277 0.06357 0.64233 0.06248 0.64186 0.06148
12 1.0 0.87752 0.99994 0.87752 0.9912 0.87769 0.98894 0.87776 0.98852 0.87785 0.9807 0.87968 0.97847 0.88062 0.96934 0.88658 0.96931 0.88661 0.96929 0.88662 0.96897 0.8869 0.95534 0.89843 0.95432 0.89935 0.95138 0.90244 0.94546 0.90836 0.94316 0.91071 0.9391 0.91489 0.93699 0.91819 0.93361 0.92412 0.93307 0.92492 0.93301 0.92518 0.93313 0.92892 0.93375 0.93127 0.93486 0.93295 0.93565 0.93464 0.93696 0.93702 0.93832 0.93829 0.94149 0.93943 0.94414 0.94024 0.9498 0.94178 0.95048 0.94187 0.95704 0.94207 0.96102 0.94185 0.96819 0.94046 0.97643 0.93943 0.97773 0.93919 0.98445 0.93768 0.9873 0.93703 0.98763 0.93693 0.99481 0.9356 0.99642 0.93502 0.99882 0.93432 1.0 0.93385
13 0.45896 0.7062 0.45773 0.70635 0.45422 0.70734 0.44986 0.70858 0.44385 0.71247 0.44317 0.71293 0.44034 0.71573 0.43778 0.7181 0.43677 0.71904 0.43163 0.7246 0.42857 0.7307 0.42616 0.73434 0.42302 0.74191 0.42216 0.74351 0.42166 0.74431 0.42064 0.74739 0.41789 0.7546 0.41753 0.75628 0.41714 0.76358 0.41679 0.76845 0.41722 0.77292 0.41799 0.77947 0.41875 0.78312 0.4226 0.79179 0.42407 0.79622 0.42879 0.80498 0.42937 0.80591 0.4297 0.80645 0.43127 0.80892 0.43648 0.81663 0.43729 0.81877 0.44132 0.82591 0.44225 0.83285 0.4433 0.83798 0.44435 0.84759 0.44509 0.85161 0.44758 0.86264 0.44923 0.86896 0.45099 0.87411 0.452 0.87647 0.45506 0.88215 0.45512 0.88227 0.45518 0.88235 0.45837 0.88613 0.46227 0.8904 0.46248 0.8906 0.46268 0.89076 0.46845 0.8941 0.47154 0.89586 0.47766 0.89995 0.47858 0.90049 0.47903 0.90067 0.4852 0.90239 0.48781 0.90275 0.49343 0.90297 0.49971 0.90207 0.50261 0.9016 0.50618 0.90007 0.51231 0.89749 0.51813 0.89314 0.51916 0.89244 0.5252 0.88718 0.52667 0.88592 0.5268 0.88575 0.53115 0.88 0.53156 0.87807 0.53191 0.87325 0.53069 0.86711 0.53009 0.86468 0.52819 0.86177 0.52085 0.85183 0.51408 0.84403 0.50919 0.83878 0.49916 0.82872 0.49799 0.82754 0.49461 0.82311 0.49025 0.81748 0.48947 0.81629 0.48929 0.81444 0.48818 0.80926 0.48734 0.80487 0.48747 0.80399 0.48975 0.80112 0.49293 0.79749 0.49368 0.79681 0.50152 0.79024 0.50554 0.78795 0.51188 0.78394 0.52224 0.7769 0.52291 0.77638 0.52321 0.77601 0.52851 0.76979 0.52922 0.76815 0.53035 0.76387 0.53036 0.76318 0.52999 0.76123 0.52949 0.75881 0.5271 0.75395 0.52576 0.75142 0.52548 0.75091 0.52497 0.75027 0.51885 0.74205 0.51218 0.73566 0.51089 0.73442 0.50828 0.73246 0.49869 0.72545 0.48922 0.7192 0.48735 0.71807 0.48015 0.7137 0.47976 0.71349 0.47522 0.7116 0.46886 0.70881 0.46839 0.70857 0.46801 0.70847 0.46586 0.70802
14 0.48547 0.81354 0.48636 0.81665 0.49042 0.82223 0.49083 0.82282 0.5008 0.83312 0.50139 0.83375 0.50378 0.8361 0.51347 0.84575 0.51595 0.84817 0.52076 0.85286 0.52613 0.85775 0.52875 0.86088 0.53198 0.863 0.53557 0.8654 0.54121 0.86872 0.54197 0.86904 0.543 0.86879 0.55246 0.86938 0.5544 0.86825 0.5622 0.86759 0.56501 0.86643 0.57592 0.86351 0.5818 0.86011 0.58731 0.85556 0.59192 0.84774 0.59288 0.84637 0.5933 0.84586 0.59465 0.83718 0.59426 0.82791 0.59492 0.82451 0.5949 0.816 0.5949 0.81595 0.5949 0.81594 0.59489 0.81592 0.59244 0.80789 0.58964 0.80459 0.58765 0.80261 0.58191 0.79804 0.57899 0.79606 0.5726 0.7923 0.56742 0.78899 0.55658 0.78337 0.5515 0.78018 0.54368 0.77667 0.54294 0.77635 0.5355 0.77494 0.5345 0.7748 0.53345 0.77496 0.52977 0.77629 0.51701 0.78001 0.51017 0.78313 0.50342 0.78666 0.49591 0.79154 0.49327 0.79401 0.48991 0.79877 0.48752 0.8023 0.48645 0.80476 0.48547 0.80976 0.48505 0.8113
17 0.39877 0.38958 0.39746 0.38957 0.39461 0.38985 0.39244 0.39027 0.39028 0.39105 0.38575 0.393 0.38504 0.39352 0.38389 0.39457 0.38148 0.39683 0.38063 0.39761 0.37692 0.40173 0.37447 0.40433 0.37053 0.40952 0.36747 0.41417 0.36322 0.42086 0.36196 0.42324 0.35607 0.43407 0.35421 0.43796 0.3491 0.44901 0.34469 0.45979 0.34335 0.46316 0.34073 0.47166 0.33847 0.47967 0.33682 0.48681 0.33532 0.4934 0.33385 0.50014 0.33284 0.50602 0.33265 0.5075 0.33249 0.51333 0.33232 0.52134 0.33242 0.52945 0.33344 0.5412 0.33403 0.54759 0.33473 0.55181 0.33621 0.56056 0.33747 0.56564 0.3387 0.57057 0.34099 0.57566 0.34188 0.57822 0.34349 0.58191 0.34699 0.58852 0.34812 0.59051 0.34992 0.59302 0.35312 0.59754 0.36037 0.60601 0.36066 0.60634 0.36086 0.60656 0.36181 0.6075 0.37012 0.61584 0.37252 0.61804 0.37898 0.62358 0.38081 0.62519 0.39129 0.63323 0.39142 0.63333 0.39182 0.63358 0.3988 0.63797 0.40104 0.63925 0.40654 0.64199 0.41114 0.64357 0.41323 0.64426 0.41904 0.64556 0.41906 0.64557 0.42596 0.64641 0.42779 0.64646 0.43552 0.64619 0.43838 0.646 0.44561 0.64472 0.44833 0.64425 0.45423 0.64286 0.45744 0.64222 0.45878 0.6416 0.46325 0.63978 0.46548 0.638 0.4676 0.63656 0.46867 0.63483 0.46962 0.63327 0.47001 0.63227 0.47036 0.62935 0.47059 0.62705 0.46954 0.62087 0.46938 0.61997 0.46739 0.61542 0.46534 0.61068 0.465 0.61002 0.46446 0.6091 0.45942 0.60077 0.4558 0.59541 0.45503 0.59423 0.45321 0.59147 0.4496 0.58607 0.44876 0.58449 0.44491 0.57806 0.44372 0.57526 0.44176 0.57105 0.4392 0.56598 0.43702 0.56158 0.43591 0.55841 0.4349 0.55606 0.42969 0.5471 0.42875 0.54504 0.42679 0.54128 0.42222 0.53285 0.41906 0.52734 0.41517 0.51985 0.40803 0.50628 0.40796 0.50615 0.40793 0.50608 0.40346 0.49463 0.40207 0.49138 0.40093 0.48619 0.40009 0.48283 0.39974 0.4795 0.39959 0.47413 0.3996 0.46591 0.39961 0.46403 0.4 0.46098 0.40134 0.45189 0.40402 0.43748 0.40411 0.43672 0.40415 0.43626 0.40433 0.4355 0.4083 0.42284 0.40988 0.41828 0.41146 0.41461 0.41211 0.41312 0.41307 0.40861 0.41319 0.40789 0.41256 0.40425 0.412 0.40151 0.40964 0.39668 0.40905 0.39527 0.40855 0.39462 0.40395 0.39096 0.40378 0.39088 0.40333 0.39079
18 0.46989 0.69044 0.46961 0.69285 0.46965 0.69521 0.47025 0.69698 0.47149 0.69961 0.47237 0.70084 0.47609 0.70661 0.47633 0.70685 0.48372 0.71228 0.49152 0.71825 0.49765 0.72292 0.50872 0.73078 0.51447 0.73446 0.51843 0.73667 0.52612 0.74131 0.53267 0.74493 0.54426 0.75188 0.55153 0.75614 0.55982 0.75989 0.56261 0.76141 0.56382 0.76133 0.56894 0.7613 0.57094 0.76053 0.57255 0.75897 0.57322 0.75441 0.57351 0.75255 0.57316 0.75103 0.5725 0.74901 0.56942 0.74041 0.5668 0.73286 0.56622 0.731 0.56225 0.72139 0.55887 0.71477 0.55639 0.71017 0.55419 0.70644 0.54994 0.70024 0.54688 0.6967 0.53742 0.68727 0.53353 0.68364 0.52741 0.67951 0.52314 0.67638 0.51726 0.67199 0.51633 0.67154 0.51059 0.67054 0.51026 0.67043 0.50931 0.67051 0.50363 0.67168 0.4984 0.67281 0.49475 0.6741 0.48733 0.67646 0.48521 0.6773 0.48435 0.67766 0.47633 0.6819 0.47616 0.682 0.47253 0.68584 0.47003 0.6893
19 0.80011 0.39659 0.79992 0.39648 0.79981 0.39654 0.79941 0.39718 0.79757 0.39997 0.79402 0.40735 0.79218 0.41212 0.79119 0.41504 0.78935 0.41899 0.78256 0.43352 0.78099 0.43658 0.77947 0.44009 0.77582 0.4491 0.77367 0.4567 0.77286 0.46061 0.77347 0.46707 0.77379 0.47797 0.77556 0.49245 0.77568 0.49326 0.77879 0.50517 0.78281 0.51714 0.7837 0.51943 0.7898 0.52885 0.78984 0.52889 0.78995 0.52897 0.79801 0.53352 0.80454 0.53632 0.80531 0.53646 0.80816 0.53466 0.80919 0.53407 0.8092 0.53393 0.8092 0.53382 0.80912 0.53321 0.80778 0.52148 0.8069 0.51406 0.8052 0.50571 0.80487 0.50284 0.8039 0.49041 0.80324 0.48484 0.80327 0.48296 0.80348 0.47329 0.80402 0.46509 0.80449 0.45943 0.80775 0.45053 0.80785 0.45022 0.80788 0.45012 0.81009 0.44529 0.81126 0.44021 0.81125 0.43977 0.81082 0.43778 0.80954 0.43046 0.80868 0.42675 0.80777 0.42158 0.80522 0.40969 0.80495 0.40887 0.80462 0.40797 0.80283 0.40103 0.80194 0.39726 0.80162 0.39648
20 0.93959 0.5831 0.93784 0.58325 0.93043 0.58464 0.92744 0.5853 0.92642 0.58547 0.91463 0.58912 0.91293 0.58999 0.90597 0.59428 0.90136 0.59869 0.90061 0.59963 0.89985 0.60214 0.89914 0.60455 0.89925 0.60538 0.90032 0.60754 0.90122 0.60911 0.90341 0.61031 0.90855 0.61248 0.912 0.61368 0.92071 0.61564 0.9305 0.61694 0.93255 0.61706 0.94546 0.61712 0.95503 0.617 0.96438 0.61653 0.97427 0.61668 0.97737 0.61651 0.97892 0.61632 0.98593 0.61476 0.98969 0.61407 0.99327 0.61283 0.99549 0.61208 0.99835 0.61005 0.99882 0.60788 0.99953 0.60483 0.99933 0.60296 0.9958 0.59826 0.99512 0.59763 0.99464 0.59731 0.98968 0.5945 0.98337 0.59107 0.98164 0.59038 0.97564 0.58839 0.97178 0.58717 0.9626 0.58571 0.95293 0.58355 0.94843 0.58295
23 0.63891 0.91882 0.64179 0.91599 0.64188 0.91576 0.64178 0.91494 0.64193 0.91224 0.64063 0.9091 0.63952 0.90718 0.63378 0.899 0.63191 0.8967 0.62539 0.88887 0.62233 0.88502 0.62161 0.88412 0.62062 0.88321 0.61395 0.87788 0.6102 0.8762 0.60725 0.87475 0.59816 0.87441 0.59738 0.87443 0.59648 0.87458 0.58499 0.87704 0.58033 0.87805 0.58008 0.87814 0.57977 0.87826 0.56908 0.88262 0.55936 0.8834 0.5552 0.88391 0.55007 0.88443 0.54418 0.88526 0.53696 0.88667 0.53419 0.88727 0.53339 0.88751 0.52347 0.89121 0.52198 0.89194 0.51674 0.89514 0.51357 0.89703 0.51292 0.89746 0.50939 0.90045 0.50731 0.90226 0.50653 0.90332 0.50414 0.90674 0.50338 0.90847 0.50203 0.91267 0.50182 0.92375 0.50187 0.9248 0.50187 0.92523 0.50214 0.92742 0.50439 0.94614 0.50523 0.95316 0.50685 0.9617 0.50787 0.9663 0.50909 0.9693 0.51132 0.97089 0.51265 0.97187 0.51565 0.97306 0.51687 0.97345 0.51753 0.97354 0.52312 0.97399 0.52953 0.9734 0.53371 0.97301 0.53739 0.97275 0.5407 0.97234 0.54803 0.97058 0.55247 0.96938 0.56316 0.96616 0.56454 0.96563 0.57841 0.95947 0.5792 0.95907 0.5937 0.95082 0.59688 0.94897 0.6106 0.93993 0.61599 0.93644 0.61721 0.9355 0.61915 0.93413 0.62988 0.9262 0.63608 0.92161 0.63672 0.92109
24 0.84132 0.34276 0.84047 0.34098 0.83901 0.33809 0.83691 0.33564 0.83475 0.33327 0.83153 0.33069 0.82351 0.32585 0.81891 0.32347 0.81078 0.3201 0.80149 0.31538 0.79384 0.31233 0.7929 0.31195 0.78045 0.30622 0.77263 0.3031 0.76173 0.29821 0.75279 0.2945 0.74055 0.28932 0.73399 0.28651 0.72581 0.28344 0.71467 0.27933 0.70849 0.27719 0.69481 0.27285 0.68899 0.27136 0.68086 0.26948 0.66783 0.26784 0.66639 0.26771 0.66529 0.26773 0.65427 0.2683 0.6409 0.27038 0.63927 0.27069 0.63838 0.27091 0.6363 0.27144 0.62004 0.27622 0.61063 0.27952 0.60375 0.28249 0.59568 0.2858 0.5913 0.28782 0.5816 0.29329 0.5798 0.2943 0.57711 0.29648 0.57189 0.30089 0.56976 0.30371 0.56835 0.30577 0.56801 0.30678 0.56766 0.31136 0.56803 0.3124 0.56982 0.31612 0.57108 0.3174 0.57553 0.32055 0.57901 0.3221 0.58725 0.32429 0.58864 0.32467 0.58981 0.32488 0.60083 0.32664 0.60936 0.32721 0.61749 0.32759 0.62575 0.32823 0.63948 0.32943 0.63956 0.32944 0.63961 0.32945 0.6495 0.33259 0.65066 0.33364 0.65326 0.33755 0.65271 0.33897 0.65008 0.34375 0.64794 0.34747 0.64651 0.35067 0.64522 0.35509 0.64497 0.35643 0.64582 0.35863 0.64627 0.35965 0.64686 0.36009 0.65024 0.36174 0.65473 0.36308 0.65979 0.36465 0.67172 0.36666 0.67386 0.36707 0.6903 0.36822 0.69657 0.36863 0.69755 0.36865 0.69884 0.36872 0.72858 0.37146 0.73299 0.37175 0.73652 0.37222 0.76285 0.37643 0.77105 0.37739 0.77596 0.37791 0.77861 0.37814 0.7889 0.37867 0.8014 0.37836 0.80357 0.37807 0.8049 0.37772 0.81519 0.37503 0.82189 0.37285 0.82284 0.37238 0.82539 0.37069 0.82925 0.36801 0.83045 0.36696 0.83577 0.36121 0.83782 0.35819 0.83966 0.35458 0.84122 0.34958 0.84156 0.34748 0.84157 0.34536
24 1.0 0.31245 0.99991 0.31248 0.98645 0.3186 0.9807 0.32233 0.97504 0.32553 0.97023 0.3295 0.96671 0.33466 0.96542 0.33663 0.96475 0.33861 0.96388 0.34328 0.96474 0.34658 0.96574 0.34954 0.9678 0.35259 0.96983 0.35587 0.97499 0.36065 0.9768 0.36224 0.98557 0.36846 0.98627 0.36895 0.9864 0.36902 0.98687 0.36926 0.99755 0.37395 1.0 0.37482
26 0.31771 0.42303 0.31863 0.42266 0.31975 0.41916 0.31997 0.41705 0.31958 0.41344 0.3169 0.4062 0.31542 0.40317 0.31076 0.39652 0.30253 0.38833 0.29543 0.38122 0.29324 0.37895 0.2878 0.37383 0.2656 0.35422 0.26105 0.35054 0.2583 0.34818 0.25198 0.34298 0.23272 0.32744 0.21261 0.31059 0.20998 0.30844 0.19467 0.29712 0.18934 0.29458 0.18592 0.2933 0.18107 0.29382 0.18042 0.29381 0.18011 0.29405 0.17669 0.29673 0.17323 0.30232 0.16839 0.30987 0.16273 0.32083 0.15962 0.32703 0.15791 0.33144 0.1536 0.34238 0.15138 0.34969 0.15055 0.35281 0.14924 0.35865 0.14907 0.35998 0.14925 0.36161 0.15035 0.36614 0.15188 0.37036 0.15303 0.37258 0.15467 0.3744 0.15799 0.37726 0.16128 0.38048 0.16475 0.38199 0.17134 0.38407 0.17772 0.38647 0.187 0.38939 0.19962 0.39361 0.20732 0.39582 0.23366 0.40355 0.23575 0.40412 0.23681 0.40441 0.24 0.40537 0.263 0.41207 0.27933 0.41688 0.28816 0.41896 0.29516 0.42072 0.30286 0.42246 0.30932 0.42321 0.31199 0.42342
27 0.59966 0.37078 0.59921 0.37065 0.59402 0.36898 0.59108 0.36911 0.58357 0.36918 0.57883 0.36947 0.57052 0.37083 0.56837 0.37145 0.56144 0.37392 0.55314 0.37706 0.5493 0.37865 0.54373 0.38122 0.53837 0.38411 0.53421 0.38657 0.5291 0.39064 0.52379 0.39575 0.52362 0.39592 0.52351 0.39609 0.52134 0.40019 0.51987 0.40612 0.51976 0.40718 0.51963 0.40784 0.51992 0.41481 0.52098 0.41909 0.52192 0.42123 0.5268 0.42555 0.52854 0.42712 0.52993 0.42814 0.53394 0.43041 0.54153 0.43465 0.54374 0.43504 0.5503 0.43602 0.55345 0.43572 0.55884 0.43417 0.56277 0.43296 0.56936 0.42939 0.57137 0.42863 0.58005 0.42437 0.58665 0.4209 0.59072 0.41832 0.59811 0.41294 0.59896 0.41244 0.59921 0.41232 0.59957 0.41193 0.60488 0.40571 0.60537 0.40495 0.60724 0.39896 0.60763 0.39715 0.60787 0.39053 0.60754 0.38857 0.60655 0.38278 0.60469 0.37561 0.6045 0.37514 0.60429 0.37489 0.60093 0.3719 0.59974 0.37084
30 0.95205 0.78259 0.94847 0.78282 0.93639 0.78336 0.93106 0.78361 0.92613 0.7845 0.91519 0.78734 0.91515 0.78737 0.90733 0.79376 0.90284 0.7992 0.90061 0.80207 0.89952 0.80643 0.89741 0.81553 0.89852 0.82342 0.89939 0.82847 0.90042 0.83292 0.90237 0.83716 0.90588 0.84174 0.90621 0.84218 0.91132 0.84754 0.9138 0.84898 0.91868 0.85177 0.92484 0.85466 0.9314 0.85682 0.94526 0.86106 0.95181 0.8625 0.96251 0.86361 0.96822 0.86406 0.96975 0.86374 0.97398 0.86217 0.97536 0.86084 0.97587 0.85975 0.97623 0.8523 0.97625 0.84996 0.97626 0.84956 0.97447 0.83507 0.97412 0.83131 0.97156 0.81554 0.96994 0.80876 0.96634 0.79634 0.96551 0.79401 0.96437 0.79203 0.96098 0.78733 0.95847 0.78534 0.95628 0.78408 0.95294 0.78287
31 0.32712 0.58127 0.3249 0.57865 0.32128 0.57709 0.31913 0.57625 0.31199 0.57535 0.3117 0.57532 0.30193 0.57513 0.2999 0.57515 0.28906 0.57531 0.26227 0.57488 0.25873 0.57482 0.257 0.5748 0.25329 0.57478 0.22333 0.57478 0.20883 0.57548 0.20071 0.57613 0.18834 0.57729 0.18483 0.57762 0.18299 0.57804 0.17336 0.58021 0.17164 0.5812 0.16822 0.58328 0.16772 0.58367 0.16742 0.58595 0.16748 0.58625 0.1676 0.58666 0.16637 0.59123 0.16772 0.59497 0.16892 0.59765 0.17092 0.60412 0.17124 0.60516 0.17132 0.60552 0.17324 0.61308 0.17388 0.6157 0.17568 0.62043 0.17685 0.62266 0.17932 0.62786 0.17935 0.62791 0.17937 0.62793 0.17941 0.62797 0.184 0.63121 0.18945 0.63224 0.19171 0.63294 0.19492 0.6333 0.20079 0.63378 0.20931 0.63368 0.21273 0.6337 0.22656 0.63356 0.24718 0.63427 0.24881 0.63425 0.25013 0.63427 0.27037 0.63538 0.27367 0.63542 0.29134 0.63537 0.29247 0.63531 0.294 0.63513 0.31106 0.63334 0.3135 0.63231 0.32233 0.62979 0.32717 0.62685 0.33022 0.62434 0.33219 0.61905 0.33271 0.61726 0.33264 0.60748 0.33237 0.60269 0.3302 0.59215 0.32836 0.58498
33 0.36263 0.67354 0.35712 0.66465 0.35464 0.66138 0.34956 0.65663 0.34603 0.65248 0.34321 0.65066 0.34147 0.64984 0.33798 0.64904 0.33659 0.64926 0.33316 0.64991 0.33299 0.65002 0.33081 0.65242 0.32968 0.65783 0.32929 0.65923 0.32897 0.66224 0.32811 0.66948 0.32956 0.68204 0.32966 0.68385 0.33075 0.68854 0.33328 0.69899 0.33423 0.70199 0.33769 0.71238 0.33871 0.71428 0.34076 0.71919 0.34243 0.72282 0.34389 0.7251 0.34707 0.72929 0.35002 0.73325 0.35247 0.73636 0.35538 0.73944 0.35955 0.74363 0.36105 0.74503 0.3671 0.75062 0.37009 0.75284 0.37233 0.75397 0.3758 0.7555 0.37725 0.75593 0.37878 0.75636 0.3794 0.75644 0.38105 0.75607 0.38332 0.75465 0.385 0.75367 0.38629 0.7519 0.38723 0.75072 0.38836 0.74627 0.38864 0.74501 0.3879 0.7388 0.38773 0.73354 0.38728 0.73144 0.38628 0.72858 0.38169 0.71534 0.3813 0.71432 0.378 0.70414 0.37399 0.69488 0.3706 0.68788 0.36609 0.67915
34 0.44456 0.83859 0.44451 0.83428 0.44249 0.82496 0.44233 0.82423 0.44214 0.82388 0.4398 0.81913 0.43598 0.81436 0.43281 0.81024 0.42999 0.80726 0.42325 0.80015 0.42012 0.79653 0.41789 0.79373 0.415 0.78984 0.41127 0.78357 0.40704 0.77822 0.40263 0.77297 0.39874 0.76973 0.39592 0.76721 0.39229 0.76563 0.39063 0.765 0.38974 0.76486 0.38678 0.76465 0.3842 0.7657 0.38368 0.766 0.38286 0.76792 0.38289 0.76907 0.38237 0.77205 0.38386 0.77662 0.38771 0.7832 0.39254 0.79166 0.39739 0.79983 0.40239 0.80768 0.41126 0.82105 0.41534 0.82679 0.42792 0.84295 0.42899 0.84432 0.42965 0.84506 0.43637 0.85125 0.43835 0.85292 0.44044 0.85387 0.44136 0.85372 0.44211 0.85346 0.443 0.8521 0.44369 0.85147 0.44407 0.85019 0.44506 0.84561
35 0.31919 0.66491 0.3177 0.65982 0.31571 0.659 0.31352 0.65825 0.31073 0.6574 0.30533 0.65773 0.30054 0.65824 0.29506 0.65903 0.28805 0.66038 0.27592 0.66342 0.27346 0.66395 0.2697 0.66475 0.25843 0.66732 0.25035 0.66895 0.24003 0.67115 0.23288 0.67293 0.22913 0.67418 0.22205 0.67684 0.22012 0.67791 0.21696 0.68005 0.21631 0.68108 0.21556 0.68334 0.21596 0.68441 0.21721 0.68738 0.22003 0.69208 0.22081 0.69322 0.22115 0.69366 0.22727 0.70121 0.22938 0.70346 0.23236 0.70612 0.23252 0.70628 0.23279 0.70635 0.23625 0.70753 0.23842 0.70768 0.24144 0.70789 0.2447 0.70714 0.24977 0.70601 0.2556 0.7043 0.26713 0.70075 0.28289 0.69636 0.28422 0.69594 0.28559 0.6956 0.29976 0.69167 0.30612 0.69007 0.30959 0.68886 0.31366 0.68698 0.31383 0.68682 0.31696 0.68393 0.31961 0.68104 0.31966 0.68094 0.31967 0.68084 0.32037 0.67635 0.32041 0.67454 0.31943 0.6666 0.31934 0.66575
36 0.87171 0.2793 0.87166 0.27935 0.86833 0.2825 0.86753 0.28373 0.86467 0.29167 0.86461 0.29187 0.86213 0.30001 0.86157 0.3044 0.86143 0.30562 0.86174 0.30686 0.86252 0.30958 0.8623 0.3126 0.86239 0.31341 0.86241 0.31328 0.86476 0.31225 0.86477 0.31224 0.86496 0.31211 0.87031 0.30829 0.87102 0.30771 0.87685 0.29971 0.8781 0.2979 0.88166 0.29175 0.88221 0.29065 0.88239 0.2899 0.88307 0.2856 0.88219 0.28367 0.88159 0.28275 0.88075 0.28193 0.87851 0.28054 0.87643 0.28002 0.87408 0.27921 0.87173 0.2793
36 0.90459 0.28141 0.90378 0.28314 0.90364 0.28522 0.90391 0.28757 0.9065 0.29154 0.90923 0.29467 0.91421 0.30131 0.91463 0.30168 0.92262 0.3076 0.92687 0.31052 0.92908 0.31133 0.92973 0.31106 0.93001 0.30922 0.92989 0.30808 0.92853 0.30475 0.92618 0.29785 0.92333 0.29268 0.9219 0.2897 0.91673 0.28315 0.91603 0.28235 0.91542 0.28201 0.90921 0.27995 0.90897 0.27995 0.90794 0.28017 0.90514 0.28079 0.90474 0.28093
37 1.0 0.16208 0.96923 0.1681 0.93124 0.19938 0.88364 0.21244 0.82666 0.2005 0.78382 0.17348 0.74025 0.15291 0.66881 0.16267 0.60508 0.17401 0.54975 0.19186 0.50291 0.21481 0.46207 0.242 0.4183 0.27926 0.38037 0.32093 0.35416 0.35711 0.33132 0.40492 0.31323 0.46303 0.30993 0.52142 0.32998 0.60304 0.32016 0.65022 0.33002 0.70137 0.35555 0.72538 0.33717 0.67463 0.35827 0.67311 0.37917 0.71965 0.39696 0.75463 0.38206 0.69633 0.35898 0.64386 0.34405 0.57973 0.33921 0.51486 0.3473 0.4805 0.37064 0.46898 0.39163 0.50282 0.41191 0.53709 0.44016 0.56865 0.46573 0.60501 0.48749 0.63956 0.53278 0.68317 0.57034 0.70306 0.60221 0.72646 0.6367 0.75047 0.67252 0.77477 0.70562 0.79972 0.73333 0.80751 0.7578 0.78226 0.75255 0.74418 0.71515 0.71953 0.67768 0.69384 0.64436 0.6572 0.6188 0.62695 0.58346 0.60104 0.58065 0.57932 0.56012 0.52733 0.56606 0.49176 0.59574 0.45724 0.5914 0.42296 0.55357 0.43598 0.522 0.44162 0.52239 0.40461 0.5507 0.37866 0.58854 0.36535 0.53577 0.37262 0.49371 0.38232 0.41803 0.41876 0.40646 0.38717 0.43652 0.34645 0.44893 0.31333 0.47414 0.28097 0.50629 0.25333 0.54572 0.22821 0.58275 0.21231 0.64224 0.19856 0.69042 0.1979 0.73112 0.21052 0.77158 0.23338 0.81457 0.25915 0.85951 0.27911 0.91595 0.27958 0.953 0.26398 0.992 0.23746 1.0 0.23145
37 0.82183 0.73595 0.81613 0.73606 0.8149 0.73629 0.80933 0.73834 0.80842 0.73873 0.80671 0.73977 0.80553 0.74045 0.80421 0.74163 0.80246 0.74327 0.80089 0.74497 0.79944 0.74643 0.79878 0.74776 0.79831 0.7488 0.79808 0.74926 0.79629 0.75369 0.7959 0.75472 0.7951 0.7571 0.79464 0.75844 0.79427 0.75973 0.79381 0.76141 0.79253 0.76641 0.79124 0.77177 0.79078 0.77378 0.7904 0.77542 0.79001 0.77729 0.78972 0.77868 0.78868 0.7839 0.78765 0.78943 0.78714 0.79228 0.78666 0.79503 0.78651 0.79599 0.78636 0.79677 0.78564 0.80139 0.78521 0.80729 0.78538 0.81305 0.78604 0.81784 0.7862 0.81888 0.78811 0.82466 0.791 0.8289 0.79127 0.82954 0.79393 0.83177 0.79482 0.8324 0.79797 0.83375 0.79864 0.83419 0.80316 0.83541 0.80442 0.8357 0.81034 0.83643 0.81157 0.83666 0.81739 0.83669 0.81858 0.83678 0.82444 0.83697 0.82563 0.83703 0.83158 0.8377 0.83276 0.83781 0.83986 0.83843 0.84554 0.83745 0.84666 0.83732 0.85072 0.83513 0.85155 0.83476 0.85399 0.83094 0.85448 0.83041 0.85508 0.8291 0.8548 0.82743 0.85495 0.82473 0.85452 0.82306 0.85283 0.82002 0.85249 0.81957 0.85227 0.81926 0.84757 0.81344 0.84727 0.81302 0.84678 0.81243 0.84512 0.81049 0.84389 0.80817 0.84373 0.80772 0.84363 0.80749 0.84251 0.80264 0.84233 0.8014 0.84262 0.79781 0.8426 0.79696 0.84295 0.79496 0.84328 0.79314 0.84389 0.7899 0.84492 0.78399 0.84565 0.77893 0.84572 0.77848 0.84588 0.77732 0.84639 0.77226 0.8464 0.77147 0.84643 0.76628 0.84578 0.7606 0.84452 0.75458 0.84258 0.74959 0.84241 0.74911 0.84232 0.74894 0.84114 0.74687 0.83862 0.74413 0.83777 0.74338 0.83727 0.74292 0.83496 0.74104 0.83352 0.73983 0.8324 0.73929 0.83074 0.73852 0.82955 0.73807 0.82312 0.7361
37 0.70451 0.68721 0.70474 0.68848 0.70593 0.69037 0.70659 0.69135 0.71018 0.69503 0.71138 0.69642 0.71406 0.69876 0.71452 0.69916 0.71772 0.70195 0.72113 0.705 0.72174 0.70552 0.72486 0.70853 0.72824 0.71188 0.72897 0.71258 0.73128 0.71479 0.73195 0.71539 0.73513 0.71909 0.73585 0.71974 0.7373 0.72093 0.74008 0.72378 0.74138 0.72594 0.74326 0.72811 0.74853 0.7301 0.75021 0.73118 0.75049 0.73138 0.75065 0.73147 0.75652 0.73125 0.75775 0.73131 0.76064 0.72895 0.76134 0.72872 0.76249 0.72621 0.76288 0.7256 0.76293 0.7209 0.76309 0.71977 0.76008 0.71456 0.75973 0.71391 0.75915 0.71316 0.75778 0.71142 0.75522 0.70912 0.75403 0.7081 0.75162 0.70609 0.75023 0.70492 0.7491 0.70412 0.74615 0.70204 0.74366 0.70033 0.74209 0.69923 0.74071 0.69838 0.73831 0.69692 0.73336 0.69393 0.72958 0.69183 0.72413 0.68885 0.72108 0.68726 0.72029 0.68688 0.71619 0.68543 0.71493 0.685 0.70941 0.68508 0.70789 0.68538 0.70509 0.68681
37 0.88489 0.71831 0.88728 0.71783 0.88936 0.71664 0.89044 0.71606 0.89175 0.71476 0.89291 0.71323 0.89422 0.71013 0.89501 0.70791 0.8954 0.70393 0.89529 0.70214 0.89436 0.69817 0.89366 0.69634 0.89039 0.69158 0.8893 0.6902 0.88768 0.68857 0.8852 0.68675 0.88301 0.68576 0.87751 0.68424 0.87535 0.68376 0.87083 0.68444 0.86841 0.68484 0.86527 0.6864 0.86427 0.68681 0.86136 0.69054 0.85997 0.69278 0.85959 0.69352 0.8596 0.69434 0.85967 0.69556 0.85959 0.69639 0.86043 0.70074 0.86068 0.70249 0.86138 0.70484 0.86154 0.70543 0.86262 0.70683 0.86323 0.70795 0.86636 0.71134 0.868 0.71319 0.87116 0.71518 0.87204 0.71594 0.87568 0.71755 0.87911 0.71804 0.8815 0.71871
37 0.88661 0.44734 0.88402 0.44439 0.88344 0.44398 0.88158 0.44369 0.87959 0.44265 0.87797 0.44281 0.87751 0.44281 0.87613 0.44312 0.87417 0.4437 0.872 0.4444 0.86868 0.44505 0.86327 0.44689 0.86164 0.4474 0.85928 0.44828 0.85828 0.44869 0.85747 0.44905 0.85659 0.44951 0.85524 0.45008 0.84895 0.4532 0.84589 0.45473 0.84587 0.45474 0.84585 0.45476 0.8443 0.45605 0.84268 0.45725 0.84019 0.45925 0.8391 0.46004 0.8388 0.4613 0.8382 0.46326 0.83918 0.4668 0.83901 0.4694 0.84047 0.47239 0.84091 0.47351 0.84355 0.47507 0.84451 0.47617 0.84857 0.47816 0.8489 0.47827 0.84964 0.47843 0.85259 0.47902 0.85336 0.47927 0.85943 0.47922 0.86034 0.47925 0.86342 0.4785 0.86516 0.47806 0.86742 0.47743 0.86872 0.47675 0.87084 0.47545 0.87276 0.47416 0.87407 0.47322 0.8757 0.47175 0.87677 0.47077 0.87856 0.46857 0.88033 0.46666 0.88128 0.46529 0.88238 0.46402 0.88333 0.46248 0.88492 0.45975 0.88563 0.45751 0.88663 0.45512 0.88657 0.45299 0.88678 0.45122 0.88701 0.45025 0.88682 0.44852
37 0.85897 0.36633 0.85923 0.36443 0.85775 0.36059 0.8557 0.36058 0.85417 0.36216 0.85301 0.36323 0.85064 0.36479 0.84977 0.3659 0.84842 0.36826 0.84749 0.37012 0.84638 0.37438 0.84701 0.37633 0.84899 0.37866 0.85001 0.37942 0.85393 0.3794 0.85507 0.37778 0.85643 0.3761 0.85757 0.37413 0.85877 0.37254 0.85896 0.37074 0.85936 0.36963
37 1.0 0.4558 0.99933 0.45536 0.99875 0.455 0.99666 0.45414 0.99523 0.45343 0.99057 0.45132 0.98829 0.45033 0.98596 0.44934 0.98455 0.44868 0.98311 0.44816 0.98049 0.44725 0.97279 0.44468 0.96848 0.44335 0.96793 0.44324 0.96577 0.44302 0.96421 0.44263 0.96157 0.44248 0.96043 0.44248 0.95721 0.44403 0.95695 0.44413 0.95688 0.44436 0.95651 0.446 0.95554 0.44727 0.95601 0.44934 0.95627 0.45077 0.95758 0.45344 0.95942 0.45552 0.96024 0.45753 0.96294 0.46039 0.96442 0.46252 0.96669 0.46442 0.96735 0.46533 0.96924 0.4667 0.97125 0.46832 0.97435 0.47017 0.97566 0.47142 0.97828 0.47287 0.97947 0.47358 0.98272 0.4751 0.98463 0.47614 0.98799 0.4775 0.98942 0.47787 0.993 0.47833 0.99362 0.47833 0.99997 0.47822 1.0 0.47821
37 0.96663 0.37965 0.96743 0.3777 0.96833 0.37612 0.9669 0.37235 0.96698 0.37016 0.96368 0.36588 0.96164 0.36401 0.96071 0.36296 0.95813 0.36102 0.95644 0.35962 0.95296 0.35962 0.95245 0.3623 0.95201 0.36433 0.95324 0.36805 0.95447 0.37015 0.95581 0.3724 0.95674 0.37356 0.95866 0.37542 0.96033 0.3766 0.96298 0.37881 0.96417 0.37965
38 0.85269 0.29078 0.85247 0.29003 0.85245 0.28998 0.85231 0.28981 0.84783 0.28407 0.84544 0.28217 0.83756 0.27594 0.83018 0.27073 0.82321 0.26605 0.81575 0.26119 0.80941 0.2572 0.79778 0.25017 0.79446 0.24821 0.79115 0.2463 0.77932 0.23934 0.77375 0.23618 0.76664 0.23238 0.75249 0.22514 0.74902 0.22344 0.74593 0.222 0.72876 0.21419 0.72044 0.21062 0.71386 0.20808 0.70495 0.20534 0.69788 0.20353 0.68608 0.2009 0.68379 0.20056 0.67364 0.19965 0.66897 0.19923 0.66804 0.19922 0.66544 0.19916 0.655 0.19925 0.64792 0.19955 0.64736 0.19963 0.63877 0.20127 0.63464 0.20188 0.61991 0.20492 0.61651 0.20563 0.61548 0.20591 0.61003 0.20729 0.60136 0.20961 0.58931 0.21398 0.58569 0.2152 0.57937 0.21768 0.5679 0.22239 0.5599 0.22599 0.55237 0.22955 0.54142 0.23546 0.53519 0.23895 0.5328 0.24045 0.52645 0.24431 0.51569 0.25092 0.50936 0.25517 0.50286 0.25978 0.49636 0.26472 0.49139 0.26863 0.48434 0.27408 0.48113 0.27669 0.47954 0.27806 0.47299 0.28365 0.46956 0.28701 0.4671 0.28934 0.46606 0.29041 0.46463 0.2923 0.46365 0.29344 0.46312 0.29426 0.46236 0.2959 0.46214 0.29651 0.46203 0.29678 0.46197 0.29699 0.4608 0.30007 0.46075 0.30022 0.46053 0.30089 0.4593 0.30438 0.45862 0.30633 0.45769 0.30864 0.45764 0.30874 0.45756 0.30889 0.4575 0.30908 0.4567 0.31111 0.4565 0.31123 0.4543 0.31405 0.45258 0.31603 0.45113 0.31799 0.44968 0.32007 0.44883 0.32131 0.44641 0.32537 0.44623 0.32575 0.44392 0.33121 0.44324 0.33349 0.44119 0.34088 0.44079 0.34224 0.4407 0.34281 0.43975 0.35036 0.43975 0.35104 0.44016 0.35692 0.44134 0.36285 0.44188 0.36517 0.44234 0.36638 0.44519 0.37271 0.44567 0.37338 0.44883 0.37662 0.45047 0.37841 0.45092 0.37876 0.45807 0.38293 0.45969 0.38366 0.46564 0.38505 0.47136 0.38673 0.47301 0.38697 0.48835 0.38698 0.48906 0.38702 0.49045 0.38684 0.50428 0.3847 0.51096 0.38283 0.52093 0.38104 0.5286 0.3787 0.5408 0.37542 0.54554 0.37443 0.54776 0.37408 0.55496 0.37261 0.56453 0.37035 0.56707 0.3697 0.57229 0.3686 0.58183 0.36687 0.59173 0.36503 0.59809 0.36369 0.6018 0.3628 0.60713 0.36181 0.61055 0.36108 0.61776 0.35895 0.62573 0.35692 0.63458 0.35338 0.63626 0.35263 0.63764 0.35174 0.64527 0.34766 0.64981 0.34382 0.65075 0.34289 0.65119 0.34211 0.65281 0.33931 0.65274 0.33855 0.65218 0.33723 0.65005 0.33554 0.64898 0.335 0.64478 0.33346 0.6413 0.33237 0.63355 0.33038 0.62951 0.32935 0.62375 0.32818 0.61465 0.32621 0.60956 0.32501 0.5973 0.32274 0.595 0.32222 0.58459 0.3202 0.58247 0.31964 0.57798 0.31854 0.57267 0.31738 0.56931 0.31658 0.56535 0.31542 0.56133 0.31419 0.5566 0.31231 0.55532 0.31182 0.55469 0.31152 0.55428 0.31122 0.55296 0.31024 0.55182 0.30912 0.55121 0.30809 0.55132 0.30782 0.55192 0.3068 0.55173 0.30679 0.55219 0.3053 0.55256 0.30463 0.55284 0.30426 0.5543 0.30326 0.5543 0.30283 0.55851 0.30108 0.56121 0.2999 0.56169 0.2997 0.56205 0.29956 0.56646 0.29811 0.56977 0.29695 0.5736 0.29581 0.58002 0.29366 0.58402 0.29249 0.59231 0.28964 0.59649 0.28831 0.60293 0.28619 0.60779 0.28486 0.61574 0.28262 0.62057 0.28158 0.63049 0.27923 0.63475 0.27848 0.64321 0.27711 0.64813 0.27657 0.65367 0.27629 0.65993 0.27639 0.66806 0.27679 0.67538 0.27724 0.6848 0.27848 0.68981 0.27926 0.69341 0.28001 0.71078 0.28394 0.71159 0.28412 0.71185 0.28419 0.72901 0.28911 0.73489 0.29099 0.74579 0.29453 0.75137 0.29652 0.7637 0.30073 0.77305 0.30417 0.78104 0.30689 0.79427 0.31168 0.7956 0.31211 0.80483 0.31513 0.80691 0.31581 0.80715 0.31588 0.81849 0.31872 0.82081 0.31934 0.82438 0.31995 0.8289 0.32064 0.83343 0.32034 0.83495 0.32022 0.83691 0.31972 0.84051 0.31843 0.84415 0.31604 0.84593 0.31461 0.84894 0.31119 0.85016 0.30979 0.85053 0.30912 0.85309 0.30375 0.85342 0.3024 0.8541 0.29801 0.85434 0.29684 0.8543 0.29646
38 1.0 0.23244 0.9923 0.23792 0.99126 0.23872 0.98919 0.2402 0.97578 0.25008 0.96999 0.25414 0.95862 0.26269 0.95857 0.26272 0.95853 0.26276 0.94895 0.2714 0.94501 0.2758 0.94115 0.2801 0.93793 0.28478 0.93709 0.28618 0.93564 0.29167 0.9353 0.29382 0.93534 0.29752 0.93538 0.29791 0.93712 0.30154 0.93814 0.3036 0.94019 0.30669 0.94163 0.30828 0.94481 0.31122 0.94848 0.31432 0.95104 0.31627 0.95529 0.319 0.95622 0.31956 0.95697 0.31977 0.96121 0.32119 0.9656 0.32143 0.96669 0.32142 0.97619 0.31968 0.9763 0.31965 0.97644 0.31962 0.98985 0.31556 0.99723 0.31299 0.99952 0.31214 1.0 0.31196
50 0.95142 0.5019 0.94902 0.50133 0.94702 0.50126 0.94284 0.50055 0.92767 0.49927 0.92597 0.49917 0.92511 0.49917 0.92305 0.49895 0.91579 0.49873 0.91297 0.49947 0.91109 0.50029 0.90936 0.50221 0.90888 0.50311 0.90869 0.506 0.90895 0.51331 0.91 0.51786 0.91072 0.52306 0.91114 0.52907 0.91203 0.54096 0.91242 0.54749 0.91249 0.55357 0.91238 0.56411 0.91252 0.56694 0.91411 0.57607 0.9147 0.57783 0.91602 0.58037 0.91717 0.58258 0.91825 0.58321 0.92077 0.58375 0.925 0.58357 0.93272 0.5833 0.93471 0.58321 0.94933 0.58224 0.94976 0.5822 0.95044 0.5822 0.96289 0.58207 0.96902 0.58191 0.97187 0.58086 0.97265 0.58025 0.97273 0.57854 0.9727 0.57556 0.96998 0.56783 0.9678 0.56242 0.96429 0.5546 0.96286 0.55123 0.96218 0.54914 0.95849 0.53326 0.95783 0.53097 0.95751 0.52744 0.95545 0.5145 0.95331 0.50799 0.95177 0.5027
52 0.35378 0.64639 0.35909 0.65802 0.36095 0.66175 0.37024 0.68092 0.37305 0.68696 0.37858 0.69906 0.38289 0.70973 0.38617 0.71897 0.39045 0.73365 0.39185 0.73811 0.39514 0.74926 0.39705 0.75492 0.39852 0.75938 0.40256 0.76917 0.40463 0.77347 0.40877 0.78015 0.41161 0.78396 0.41439 0.78824 0.41647 0.79037 0.41757 0.79148 0.41816 0.79165 0.41906 0.79123 0.41951 0.79097 0.41997 0.78728 0.42044 0.78589 0.42052 0.77827 0.42086 0.77529 0.42042 0.76669 0.42045 0.76092 0.42286 0.74967 0.42338 0.7462 0.4257 0.74158 0.42772 0.73695 0.42926 0.73495 0.43196 0.72979 0.43624 0.72384 0.43836 0.72029 0.43998 0.71865 0.44535 0.71405 0.44702 0.71274 0.45008 0.7108 0.45431 0.70806 0.45992 0.7059 0.46253 0.70482 0.46348 0.70434 0.46718 0.70194 0.4672 0.70104 0.46659 0.69839 0.4648 0.69524 0.4621 0.69167 0.45745 0.68607 0.45135 0.68061 0.43874 0.66958 0.43615 0.66741 0.42951 0.66212 0.41274 0.64855 0.40643 0.64357 0.39214 0.63219 0.3891 0.62998 0.37843 0.62041 0.37467 0.61704 0.37359 0.61591 0.36194 0.60473 0.36131 0.60408 0.35319 0.59739 0.35309 0.59731 0.35258 0.59706 0.34817 0.5951 0.34552 0.59521 0.34531 0.59546 0.34377 0.60012 0.34354 0.60772 0.34358 0.60936 0.34539 0.62027 0.34581 0.62269 0.34939 0.63374 0.35121 0.63983
54 0.82631 0.38147 0.82019 0.38513 0.81856 0.38621 0.81607 0.38902 0.81176 0.39365 0.80857 0.39858 0.80743 0.4015 0.80705 0.4082 0.8072 0.4118 0.80829 0.41984 0.80982 0.42521 0.81093 0.42957 0.81322 0.43265 0.81834 0.43908 0.8219 0.44369 0.8242 0.44626 0.82982 0.44974 0.83144 0.45098 0.83334 0.45201 0.83794 0.45376 0.84321 0.45392 0.84633 0.4537 0.8529 0.45197 0.8577 0.45033 0.86998 0.44468 0.87403 0.44216 0.87939 0.43861 0.88172 0.43544 0.88365 0.43117 0.88428 0.42942 0.88441 0.42807 0.88414 0.42451 0.88347 0.42313 0.88007 0.41907 0.87236 0.41167 0.87051 0.40983 0.86435 0.40374 0.8587 0.39844 0.85675 0.39679 0.84964 0.39114 0.84606 0.3881 0.83858 0.38301 0.83812 0.38279 0.83721 0.38243 0.83237 0.38077 0.82945 0.38094
54 0.99125 0.38201 0.98765 0.38175 0.98253 0.38272 0.98124 0.38345 0.97593 0.38815 0.97297 0.39071 0.97172 0.39237 0.96388 0.40241 0.95836 0.41012 0.95307 0.41701 0.95248 0.41785 0.9521 0.41932 0.95113 0.42383 0.95132 0.42575 0.95179 0.42873 0.95351 0.43097 0.95523 0.4335 0.95703 0.43574 0.96018 0.43951 0.96153 0.44055 0.96714 0.44332 0.97156 0.44567 0.98162 0.44909 0.98668 0.45072 0.99713 0.4539 1.0 0.45396 1.0 0.38387 0.9987 0.38303 0.99664 0.38249
55 0.78644 0.72178 0.78534 0.7243 0.7846 0.72845 0.78472 0.73147 0.78572 0.73818 0.78659 0.74134 0.78756 0.75 0.78766 0.75286 0.78444 0.76208 0.7837 0.76368 0.77032 0.7739 0.7701 0.77407 0.76986 0.7742 0.75854 0.78011 0.75121 0.78416 0.74956 0.78501 0.74811 0.78619 0.74255 0.79112 0.74026 0.79419 0.73933 0.79691 0.73887 0.80104 0.73901 0.80373 0.73958 0.80746 0.74115 0.81055 0.74292 0.81342 0.74655 0.81771 0.74778 0.81937 0.75054 0.82203 0.75576 0.82693 0.75856 0.82931 0.76607 0.83404 0.76991 0.83596 0.7749 0.83762 0.77844 0.83835 0.78126 0.8383 0.78618 0.83775 0.79306 0.83623 0.80158 0.83499 0.8142 0.8328 0.81671 0.83226 0.82595 0.82803 0.82595 0.82803 0.82595 0.82803 0.83364 0.82246 0.83652 0.8203 0.8422 0.81634 0.84413 0.81536 0.84944 0.81137 0.85025 0.81066 0.85054 0.81014 0.85305 0.80719 0.85428 0.80297 0.85483 0.79797 0.85658 0.78736 0.85633 0.78394 0.85671 0.76857 0.85676 0.76807 0.85677 0.76765 0.85647 0.75379 0.85564 0.74724 0.85293 0.73949 0.85076 0.73585 0.84669 0.73075 0.84369 0.7282 0.83984 0.72473 0.83786 0.72344 0.83387 0.72155 0.82811 0.71888 0.82372 0.71763 0.81525 0.71599 0.81182 0.7153 0.80526 0.71498 0.80269 0.7152 0.79889 0.71571 0.79343 0.71759 0.78944 0.71948
57 0.76978 0.44968 0.76991 0.44964 0.7782 0.43805 0.77857 0.43769 0.77915 0.43659 0.78742 0.4207 0.79092 0.41093 0.79188 0.40838 0.79267 0.40457 0.794 0.39789 0.79364 0.39605 0.79225 0.39072 0.79078 0.38934 0.78715 0.38616 0.78035 0.38361 0.77579 0.38215 0.76899 0.38032 0.75561 0.37756 0.73788 0.37401 0.73039 0.37274 0.71726 0.37119 0.70025 0.36887 0.68054 0.36674 0.67919 0.36662 0.6787 0.3666 0.66236 0.366 0.65247 0.36582 0.63666 0.3664 0.62918 0.36695 0.6203 0.3675 0.61816 0.36785 0.61406 0.36989 0.61004 0.37253 0.60887 0.37387 0.60849 0.37824 0.60753 0.38263 0.60726 0.38653 0.607 0.39169 0.60516 0.3998 0.60451 0.40452 0.60416 0.40793 0.60235 0.41461 0.60233 0.42019 0.60217 0.42217 0.60233 0.4238 0.60247 0.42726 0.60334 0.43083 0.60542 0.43552 0.60707 0.43946 0.60764 0.44033 0.61126 0.44147 0.61258 0.44213 0.61806 0.44248 0.62336 0.44141 0.62979 0.44046 0.63619 0.43924 0.64292 0.43769 0.65572 0.43501 0.65647 0.43481 0.65733 0.43475 0.67499 0.43201 0.67729 0.43202 0.69199 0.43182 0.69756 0.43204 0.71357 0.43475 0.72006 0.4359 0.72883 0.44018 0.72962 0.44058 0.72999 0.44081 0.73515 0.44335 0.74344 0.44737 0.74496 0.44785 0.75525 0.45128 0.76029 0.45196 0.76373 0.4522
67 0.55751 0.70228 0.55801 0.70408 0.5582 0.7054 0.55848 0.71256 0.55941 0.71584 0.56248 0.7226 0.56615 0.7302 0.56945 0.73682 0.57338 0.74601 0.57656 0.75374 0.57917 0.75991 0.58398 0.77328 0.58557 0.77734 0.58627 0.77948 0.59133 0.79707 0.5928 0.8021 0.59507 0.81052 0.59601 0.81355 0.59783 0.82061 0.5998 0.82727 0.60121 0.8313 0.60465 0.84093 0.6088 0.85221 0.61077 0.85612 0.61194 0.85917 0.61471 0.86623 0.61767 0.87329 0.6187 0.87503 0.62526 0.88556 0.62929 0.89049 0.6346 0.89727 0.63951 0.90241 0.64321 0.90593 0.64642 0.90816 0.64733 0.90869 0.65081 0.90939 0.65473 0.90989 0.65787 0.90959 0.66247 0.90729 0.66987 0.90433 0.67362 0.90228 0.67768 0.89976 0.68929 0.8927 0.70344 0.88297 0.70373 0.88278 0.70395 0.88262 0.71622 0.87298 0.72401 0.86527 0.72499 0.86421 0.72523 0.86363 0.72853 0.85754 0.7286 0.85632 0.72945 0.85125 0.72969 0.85029 0.72978 0.85003 0.73013 0.84153 0.73014 0.84086 0.72949 0.83665 0.72887 0.8319 0.7287 0.83125 0.72657 0.82283 0.72337 0.81725 0.72257 0.81576 0.72003 0.81222 0.71885 0.81045 0.71846 0.80992 0.7089 0.80001 0.7075 0.79858 0.70456 0.79583 0.69548 0.78775 0.68568 0.78009 0.67982 0.77606 0.67096 0.77006 0.66563 0.76597 0.6483 0.75434 0.64813 0.75421 0.63314 0.74386 0.62346 0.73647 0.61835 0.73308 0.61137 0.72772 0.60114 0.71992 0.59111 0.71329 0.58134 0.70657 0.5772 0.70407 0.57151 0.70078 0.56712 0.69832 0.56273 0.69674 0.55997 0.69598 0.55905 0.69602 0.557 0.69664 0.55618 0.69711
69 0.94466 0.35086 0.94249 0.35168 0.93794 0.35356 0.93661 0.35479 0.93089 0.36242 0.9284 0.36612 0.92161 0.37529 0.91954 0.37858 0.91862 0.37903 0.91523 0.37946 0.90809 0.38203 0.90471 0.37992 0.8979 0.376 0.88735 0.36686 0.88548 0.36535 0.88443 0.36452 0.87013 0.35355 0.87013 0.35354 0.86305 0.35024 0.86269 0.35019 0.85704 0.35087 0.85653 0.35126 0.85538 0.35234 0.84982 0.35741 0.84652 0.36067 0.84484 0.36236 0.84132 0.36779 0.84033 0.37098 0.84026 0.37309 0.84104 0.37658 0.84246 0.38006 0.84635 0.38566 0.84868 0.38818 0.85888 0.39712 0.85964 0.39778 0.86237 0.40018 0.87365 0.41023 0.87629 0.41213 0.88433 0.41733 0.8882 0.41928 0.89502 0.42096 0.89587 0.42108 0.8968 0.42098 0.90255 0.41957 0.90512 0.41839 0.90932 0.41495 0.92004 0.41389 0.92054 0.41387 0.92142 0.4142 0.93017 0.41723 0.93455 0.41865 0.93823 0.41962 0.93973 0.41933 0.94506 0.41835 0.94729 0.41679 0.95276 0.41255 0.96121 0.40407 0.96169 0.40358 0.96208 0.40299 0.96895 0.3923 0.97396 0.38242 0.97567 0.37889 0.97601 0.37635 0.97736 0.3729 0.97454 0.36966 0.97311 0.36778 0.97032 0.36549 0.9633 0.35999 0.95786 0.35609 0.95303 0.35328 0.95092 0.35156 0.94527 0.35117
75 1.0 0.93775 0.9896 0.93684 0.9871 0.93659 0.98684 0.93657 0.97759 0.93691 0.97545 0.93725 0.9705 0.94004 0.96994 0.94071 0.96955 0.94463 0.96944 0.94528 0.9695 0.94543 0.97031 0.947 0.97204 0.95053 0.97231 0.95089 0.97389 0.95195 0.98172 0.9572 0.98375 0.95836 0.99231 0.96243 0.99406 0.96319 0.99493 0.96343 1.0 0.96424
77 0.81393 0.45085 0.81369 0.45091 0.81329 0.45127 0.80988 0.45426 0.80838 0.45585 0.80621 0.45917 0.80495 0.46216 0.80395 0.46644 0.80333 0.46986 0.80289 0.47455 0.80299 0.47918 0.80277 0.48571 0.80289 0.49004 0.80421 0.49669 0.80633 0.50583 0.80826 0.51385 0.81003 0.52194 0.81241 0.5282 0.81463 0.53433 0.82051 0.54622 0.82286 0.55201 0.82524 0.55588 0.83037 0.56296 0.83396 0.56724 0.83764 0.571 0.84027 0.57295 0.8466 0.57704 0.85335 0.58129 0.85953 0.58488 0.86355 0.58695 0.87052 0.58948 0.87352 0.59036 0.87697 0.5912 0.88406 0.59259 0.88848 0.59308 0.89043 0.59298 0.89606 0.59046 0.89875 0.5891 0.90476 0.58413 0.90681 0.58205 0.91018 0.57715 0.91159 0.57401 0.91341 0.5663 0.91388 0.56425 0.91418 0.56276 0.91468 0.55447 0.91503 0.54727 0.91511 0.54533 0.91468 0.53142 0.91425 0.52791 0.9125 0.52313 0.90972 0.51648 0.9054 0.508 0.90527 0.50779 0.90519 0.50765 0.90011 0.501 0.89687 0.49766 0.89438 0.4953 0.8888 0.49252 0.88038 0.48843 0.8664 0.48181 0.86286 0.48025 0.8589 0.47846 0.85093 0.4739 0.84687 0.47183 0.84327 0.46946 0.8387 0.46515 0.83614 0.46178 0.83215 0.45837 0.82887 0.45535 0.82472 0.45255 0.82296 0.45145 0.8205 0.45062 0.81781 0.44987
77 1.0 0.47465 0.99406 0.47775 0.98125 0.48431 0.97943 0.48524 0.97726 0.48647 0.97152 0.49007 0.96792 0.49272 0.96366 0.49809 0.96221 0.50046 0.95764 0.50964 0.95711 0.5109 0.95707 0.5114 0.95702 0.51263 0.95662 0.52553 0.95751 0.53252 0.95893 0.5402 0.96139 0.54911 0.96359 0.55434 0.96696 0.56116 0.97129 0.56868 0.97351 0.57222 0.97465 0.57389 0.97905 0.57927 0.98389 0.5842 0.98443 0.58466 0.985 0.58504 0.99063 0.58831 0.99492 0.5901 1.0 0.59138
85 0.79802 0.54101 0.79727 0.5414 0.79543 0.54214 0.79541 0.54274 0.79595 0.54388 0.79621 0.54732 0.79651 0.54978 0.79875 0.55342 0.80243 0.55969 0.80498 0.56361 0.81042 0.57205 0.81436 0.5763 0.81829 0.5797 0.82102 0.58215 0.83397 0.5929 0.83669 0.59472 0.83822 0.59602 0.84596 0.60087 0.84972 0.60255 0.85771 0.60533 0.86249 0.60672 0.87365 0.6079 0.87546 0.60809 0.876 0.60811 0.87668 0.60811 0.88495 0.6076 0.88542 0.60637 0.88649 0.60423 0.88727 0.60148 0.88714 0.60121 0.87755 0.59543 0.87737 0.59534 0.87708 0.5952 0.86335 0.58843 0.85523 0.58416 0.8482 0.57944 0.84159 0.5743 0.83583 0.56927 0.82691 0.55973 0.82447 0.55734 0.81924 0.55115 0.80942 0.54493 0.80863 0.54443 0.80805 0.54425 0.79814 0.541
87 0.7798 0.73078 0.77866 0.72947 0.77733 0.72892 0.76976 0.72713 0.76856 0.72738 0.76401 0.72958 0.76198 0.73213 0.76176 0.73782 0.76208 0.7441 0.76181 0.75243 0.76107 0.75531 0.76404 0.7609 0.76589 0.76402 0.77113 0.76634 0.77292 0.76716 0.77788 0.76646 0.78261 0.76418 0.78439 0.76063 0.78581 0.75619 0.7868 0.75369 0.78685 0.74646 0.78596 0.7433 0.78498 0.741
91 0.98121 0.48018 0.9819 0.47841 0.98095 0.47685 0.97763 0.47336 0.97356 0.46844 0.96683 0.46164 0.96526 0.45949 0.95715 0.44973 0.95408 0.44543 0.95048 0.44137 0.94522 0.43591 0.94406 0.43497 0.94093 0.43295 0.93948 0.43207 0.9377 0.43184 0.93302 0.43121 0.93171 0.4304 0.92897 0.43107 0.92423 0.43144 0.91479 0.43083 0.9135 0.43065 0.91229 0.43055 0.90405 0.43025 0.89906 0.43104 0.89799 0.4315 0.89408 0.43569 0.89267 0.43942 0.88738 0.44896 0.88689 0.44988 0.88675 0.45016 0.88639 0.45064 0.87923 0.46212 0.8782 0.4637 0.87595 0.47097 0.87514 0.47605 0.87529 0.47877 0.87532 0.4826 0.87532 0.48279 0.87536 0.48282 0.87543 0.48289 0.87946 0.48622 0.88142 0.48753 0.88415 0.4887 0.89556 0.49314 0.89882 0.49401 0.90986 0.49668 0.91776 0.49704 0.92556 0.49741 0.939 0.4971 0.94378 0.49692 0.95306 0.49521 0.95957 0.49423 0.972 0.48837 0.97294 0.48798 0.97367 0.48741 0.98049 0.48158
96 0.30744 0.64367 0.30724 0.64229 0.30447 0.6406 0.30269 0.64003 0.29609 0.63837 0.29336 0.63784 0.28998 0.63747 0.28064 0.63644 0.27001 0.63553 0.26054 0.63508 0.24576 0.63361 0.23621 0.63277 0.2183 0.63192 0.21729 0.63189 0.20312 0.63268 0.19989 0.63289 0.18979 0.63478 0.18971 0.63481 0.1896 0.63492 0.18641 0.63813 0.18598 0.63958 0.18721 0.64542 0.18736 0.6463 0.18764 0.64697 0.1912 0.65377 0.19277 0.65699 0.19315 0.65746 0.19635 0.66107 0.20197 0.66742 0.20312 0.66868 0.20488 0.67014 0.20932 0.67326 0.21175 0.67412 0.22012 0.67496 0.22022 0.67496 0.22029 0.67495 0.23386 0.67224 0.24777 0.66922 0.25216 0.66795 0.25691 0.66634 0.27273 0.66231 0.27431 0.66171 0.27947 0.65963 0.28633 0.65688 0.28999 0.65566 0.29594 0.65267 0.29923 0.65075 0.30509 0.64777 0.30568 0.64745 0.30634 0.64592
98 0.969 0.73441 0.96525 0.73758 0.96381 0.73882 0.96128 0.74345 0.96119 0.74417 0.96106 0.74505 0.9607 0.75191 0.96175 0.75851 0.96503 0.77794 0.96664 0.79197 0.96969 0.81207 0.97424 0.83825 0.97598 0.84564 0.97954 0.85735 0.98316 0.86917 0.98409 0.87194 0.98471 0.87231 0.98746 0.87364 0.9882 0.87408 0.98842 0.87412 0.98976 0.87432 0.99556 0.87536 0.99729 0.87532 1.0 0.87524 1.0 0.80103 0.99701 0.78517 0.99422 0.77238 0.99113 0.75621 0.99037 0.75299 0.98973 0.751 0.98724 0.74497 0.98483 0.74153 0.98313 0.73966 0.98021 0.73642 0.97906 0.73575 0.97542 0.73462 0.9701 0.73402 0.96944 0.7341
101 0.31039 0.69121 0.30458 0.69158 0.30226 0.69194 0.28593 0.69524 0.28361 0.6957 0.28336 0.69577 0.28135 0.69633 0.2649 0.70089 0.26282 0.70146 0.26087 0.70208 0.2501 0.70575 0.24767 0.70678 0.24353 0.7093 0.24349 0.70932 0.24108 0.71138 0.24074 0.71183 0.24006 0.71503 0.23998 0.71613 0.24033 0.71855 0.2409 0.72168 0.24363 0.72786 0.24526 0.73077 0.24943 0.73741 0.25153 0.74072 0.25411 0.74462 0.25846 0.75102 0.26669 0.76316 0.26977 0.76766 0.27049 0.76869 0.27299 0.77247 0.28304 0.78759 0.2856 0.79136 0.29557 0.80636 0.29655 0.80784 0.31055 0.8276 0.31155 0.82904 0.31928 0.83918 0.32915 0.85214 0.33038 0.85361 0.33254 0.8563 0.34701 0.87384 0.35315 0.88047 0.36737 0.89631 0.36892 0.89794 0.36992 0.89895 0.37381 0.90276 0.3868 0.91556 0.39086 0.91972 0.39948 0.92783 0.40292 0.93086 0.41104 0.93778 0.41118 0.93791 0.41128 0.93796 0.41735 0.9419 0.41761 0.942 0.42075 0.94274 0.42308 0.94274 0.42479 0.94245 0.42798 0.94106 0.42806 0.94102 0.42809 0.94099 0.43102 0.93798 0.43244 0.93575 0.43467 0.93222 0.43754 0.9266 0.43948 0.92298 0.4432 0.91449 0.44537 0.9095 0.44683 0.9054 0.45013 0.89689 0.45147 0.8929 0.45142 0.88848 0.45146 0.88657 0.45064 0.88198 0.45054 0.88129 0.45047 0.8811 0.4489 0.87561 0.44779 0.87347 0.44509 0.86766 0.44486 0.86732 0.44123 0.8609 0.43991 0.8589 0.43365 0.84961 0.43288 0.84849 0.43232 0.84772 0.41891 0.82913 0.41687 0.82642 0.4064 0.81163 0.40564 0.81055 0.40547 0.8103 0.39731 0.79777 0.38897 0.78523 0.38821 0.78399 0.38774 0.78317 0.38175 0.77342 0.37943 0.76935 0.37322 0.76075 0.37099 0.75724 0.3671 0.75283 0.36538 0.75074 0.35958 0.7437 0.35824 0.74181 0.35595 0.73891 0.35082 0.73236 0.34773 0.72817 0.3448 0.72431 0.34146 0.71907 0.33881 0.71482 0.33417 0.70718 0.33305 0.7053 0.32709 0.6969 0.32699 0.69678 0.32689 0.69667 0.32663 0.69646 0.32219 0.69238 0.31843 0.69103 0.31743 0.69062 0.3164 0.69051
102 0.45999 0.89545 0.4568 0.8962 0.45466 0.89664 0.45398 0.8973 0.45166 0.89946 0.4475 0.90596 0.44526 0.90961 0.44264 0.91462 0.43682 0.92589 0.43353 0.93313 0.43143 0.93775 0.42982 0.94369 0.42949 0.94514 0.42951 0.9457 0.43167 0.95007 0.43208 0.9505 0.43257 0.95104 0.43696 0.95517 0.43789 0.95585 0.43946 0.95672 0.44933 0.96137 0.45562 0.96372 0.46676 0.96752 0.4692 0.96831 0.47072 0.96867 0.48064 0.9708 0.48712 0.97181 0.48986 0.97206 0.49103 0.97198 0.49622 0.97149 0.49734 0.97106 0.50068 0.96981 0.50283 0.96722 0.50461 0.9651 0.50535 0.96137 0.50633 0.95551 0.50599 0.94753 0.5054 0.94332 0.50451 0.93911 0.50317 0.92997 0.50088 0.92367 0.49808 0.9169 0.497 0.91519 0.49607 0.91426 0.49196 0.90949 0.49107 0.90887 0.48819 0.9066 0.48645 0.90509 0.48549 0.90453 0.48089 0.90152 0.47318 0.89831 0.47188 0.89767 0.47119 0.89743 0.46235 0.89545 0.46105 0.89524
104 0.59073 0.85024 0.58955 0.85044 0.57642 0.85567 0.57235 0.8578 0.566 0.86172 0.56101 0.86401 0.55317 0.86929 0.55023 0.87417 0.54986 0.87525 0.55355 0.87728 0.56325 0.87599 0.56446 0.87553 0.57434 0.87299 0.58384 0.86789 0.58578 0.86632 0.59411 0.85927
106 0.61904 0.44871 0.61911 0.45066 0.61917 0.45077 0.62097 0.45381 0.62141 0.45455 0.62531 0.4585 0.62805 0.46101 0.63456 0.46616 0.64232 0.4731 0.64266 0.47338 0.65028 0.48002 0.65699 0.48574 0.66337 0.49113 0.6716 0.49935 0.67527 0.50295 0.68517 0.51418 0.70216 0.53173 0.70345 0.53304 0.70671 0.53629 0.72444 0.55388 0.72774 0.55678 0.74716 0.57283 0.749 0.57439 0.74937 0.57466 0.75092 0.57579 0.76648 0.58643 0.77584 0.59236 0.77993 0.59477 0.78784 0.59893 0.79054 0.59969 0.7978 0.60128 0.80078 0.60132 0.80796 0.60189 0.81338 0.60144 0.81821 0.60047 0.8237 0.59943 0.82762 0.59843 0.82836 0.59811 0.82881 0.59767 0.82878 0.59605 0.82872 0.59595 0.82323 0.58989 0.82145 0.58803 0.81813 0.58402 0.81273 0.57819 0.8111 0.57682 0.80667 0.56984 0.80227 0.56347 0.80111 0.56165 0.79412 0.55085 0.79287 0.54858 0.78606 0.53579 0.78035 0.52309 0.77881 0.52008 0.77616 0.51532 0.76776 0.50177 0.75432 0.48108 0.75392 0.48053 0.75339 0.47981 0.74213 0.465 0.73392 0.45394 0.73137 0.45086 0.7298 0.44928 0.72139 0.44184 0.71873 0.4399 0.7119 0.43538 0.71163 0.43526 0.71115 0.43506 0.70505 0.43306 0.69795 0.43199 0.69605 0.43191 0.67898 0.4319 0.67849 0.43191 0.67842 0.43191 0.67811 0.43194 0.66097 0.43404 0.65668 0.4349 0.64763 0.43697 0.63806 0.4393 0.63525 0.43998 0.62611 0.4431 0.62375 0.44447 0.62069 0.44631 0.6194 0.44753
107 0.96096 0.75397 0.96025 0.7413 0.96008 0.7352 0.95897 0.72948 0.95754 0.72271 0.95652 0.7198 0.95491 0.71732 0.95242 0.715 0.9493 0.71143 0.94292 0.70554 0.94256 0.7052 0.94193 0.70477 0.93494 0.70021 0.93097 0.69893 0.92231 0.69695 0.91407 0.69627 0.91372 0.69622 0.91336 0.69625 0.90664 0.69685 0.90282 0.69834 0.90056 0.69909 0.89865 0.70043 0.89597 0.70286 0.89311 0.70729 0.89136 0.70924 0.88905 0.71066 0.88228 0.71638 0.87746 0.71996 0.87361 0.72306 0.86816 0.72993 0.86809 0.73004 0.86805 0.7302 0.8655 0.73846 0.86422 0.74643 0.86262 0.75931 0.86221 0.76396 0.86223 0.76666 0.86352 0.77929 0.86376 0.78044 0.86509 0.78268 0.86792 0.78787 0.86984 0.7893 0.87558 0.79248 0.88324 0.79425 0.88787 0.79423 0.90979 0.79096 0.91054 0.79081 0.9117 0.79049 0.9324 0.78492 0.93811 0.78338 0.94873 0.7783 0.95177 0.77659 0.95235 0.77567 0.95663 0.76988 0.95877 0.76535 0.95959 0.76192 0.96097 0.75428
107 1.0 0.69999 0.99685 0.70085 0.99604 0.70128 0.99173 0.70318 0.98998 0.70517 0.98851 0.7071 0.98733 0.70848 0.9837 0.71517 0.98367 0.71673 0.98398 0.72564 0.98483 0.73182 0.98753 0.74244 0.98898 0.74823 0.99236 0.7576 0.99276 0.75939 0.99483 0.76444 0.99794 0.76804 1.0 0.7709
119 0.31969 0.2859 0.32261 0.28836 0.3253 0.29078 0.33958 0.30369 0.34421 0.30756 0.3532 0.31538 0.35698 0.3188 0.35845 0.31983 0.36469 0.32527 0.36474 0.3253 0.36501 0.32539 0.36884 0.32654 0.36966 0.32674 0.37325 0.32681 0.3736 0.3267 0.37505 0.32611 0.37693 0.32534 0.37716 0.3252 0.37772 0.32471 0.38071 0.32141 0.38693 0.31464 0.38996 0.31132 0.39143 0.30991 0.3976 0.30327 0.40251 0.29798 0.40494 0.2955 0.41292 0.28756 0.42533 0.27528 0.42677 0.2739 0.43087 0.27006 0.44011 0.26141 0.44857 0.25448 0.45628 0.24819 0.45837 0.24661 0.46386 0.24242 0.4774 0.23257 0.48606 0.22611 0.49127 0.22239 0.49708 0.21813 0.50267 0.2139 0.50385 0.21271 0.50483 0.21155 0.50545 0.21039 0.506 0.20847 0.50592 0.20662 0.50583 0.2058 0.50377 0.20229 0.50056 0.19758 0.49901 0.19564 0.49642 0.19224 0.49312 0.18827 0.48913 0.18385 0.48463 0.17891 0.48083 0.17476 0.47271 0.16749 0.46678 0.16179 0.46308 0.15798 0.4566 0.1518 0.45449 0.14974 0.44897 0.14431 0.44331 0.13897 0.43947 0.13527 0.43088 0.12684 0.42257 0.11858 0.42198 0.11805 0.4139 0.11193 0.41251 0.11099 0.40982 0.1101 0.40815 0.10915 0.40719 0.10926 0.40553 0.10935 0.40123 0.10937 0.39716 0.10995 0.39438 0.11063 0.39007 0.11232 0.38295 0.1153 0.38029 0.11641 0.37619 0.11814 0.36629 0.12271 0.35695 0.12731 0.35325 0.12916 0.34376 0.13424 0.33758 0.1378 0.3298 0.14237 0.3165 0.1506 0.31563 0.15114 0.3153 0.15136 0.31337 0.15259 0.3025 0.15968 0.29965 0.16166 0.29141 0.16767 0.28148 0.1757 0.27669 0.17954 0.26859 0.18637 0.26269 0.1917 0.25322 0.20061 0.2519 0.20208 0.24678 0.20815 0.24628 0.20874 0.24625 0.20879 0.24624 0.20888 0.24512 0.21271 0.24524 0.2136 0.2465 0.21717 0.24738 0.21927 0.2509 0.22393 0.25319 0.22698 0.25704 0.23053 0.26302 0.23626 0.26843 0.24082 0.27343 0.2451 0.28446 0.25473 0.28889 0.25861 0.3004 0.26877 0.30554 0.27322
129 0.54268 0.46041 0.54098 0.46093 0.53767 0.46225 0.53649 0.4628 0.53254 0.46547 0.53088 0.46703 0.52738 0.47167 0.52544 0.47446 0.52241 0.48013 0.51965 0.48653 0.51742 0.49212 0.51454 0.50022 0.51135 0.50968 0.50859 0.51634 0.50641 0.52301 0.50462 0.52856 0.504 0.5343 0.50198 0.54095 0.50102 0.54564 0.501 0.54814 0.50102 0.55174 0.50131 0.5536 0.50176 0.55514 0.50332 0.55843 0.50432 0.56022 0.50756 0.56421 0.50839 0.56503 0.51495 0.56935 0.51604 0.5703 0.52445 0.57472 0.52573 0.57542 0.53648 0.58008 0.54529 0.5855 0.55102 0.58899 0.5603 0.59416 0.56419 0.5964 0.56751 0.59806 0.57357 0.60071 0.57898 0.60296 0.5809 0.60327 0.58424 0.60364 0.58558 0.60309 0.58697 0.60215 0.58764 0.60084 0.5874 0.59892 0.58595 0.59547 0.58551 0.59481 0.57619 0.58442 0.57608 0.5843 0.576 0.58421 0.56455 0.56943 0.56254 0.5662 0.5568 0.55665 0.55584 0.55446 0.55322 0.54731 0.55148 0.54241 0.54818 0.53015 0.54816 0.53004 0.54816 0.52989 0.54815 0.51669 0.54879 0.51339 0.55055 0.50328 0.55081 0.50037 0.55111 0.49876 0.55346 0.48964 0.55419 0.48464 0.5556 0.47926 0.5558 0.47539 0.55483 0.46895 0.55417 0.46723 0.55305 0.46578 0.54924 0.46216 0.54745 0.46115 0.54404 0.46056
131 0.75747 0.03595 0.75068 0.03503 0.7387 0.03481 0.73409 0.03469 0.72245 0.03482 0.71961 0.03484 0.7187 0.03489 0.71016 0.03536 0.7048 0.03654 0.70113 0.03753 0.69929 0.0387 0.69641 0.04047 0.69498 0.0431 0.69494 0.04319 0.6961 0.05424 0.69637 0.05614 0.69749 0.06306 0.69962 0.07544 0.70313 0.09521 0.70367 0.098 0.70383 0.09887 0.70438 0.10174 0.70675 0.11302 0.70817 0.1178 0.71024 0.12552 0.71357 0.13719 0.71581 0.14258 0.71799 0.14707 0.72116 0.15127 0.72173 0.1518 0.7241 0.15349 0.72495 0.15411 0.7254 0.15421 0.72985 0.15495 0.73406 0.15511 0.74026 0.15514 0.75081 0.15416 0.75144 0.1541 0.75188 0.15403 0.75607 0.15323 0.75992 0.15081 0.75992 0.15081 0.76593 0.14446 0.76595 0.14442 0.77507 0.13213 0.77833 0.12686 0.78497 0.11696 0.78801 0.11296 0.7949 0.10468 0.79817 0.10101 0.80983 0.08829 0.81049 0.08759 0.81102 0.08697 0.8197 0.07745 0.82129 0.07512 0.82225 0.0739 0.82254 0.07341 0.82287 0.07048 0.82244 0.06899 0.82147 0.06686 0.81472 0.06081 0.81455 0.06065 0.81443 0.06056 0.81337 0.05978 0.80427 0.05307 0.80326 0.0524 0.7988 0.04997 0.79298 0.04688 0.79045 0.04572 0.7836 0.0426 0.77481 0.0396 0.77394 0.03931 0.77331 0.03914 0.76328 0.03676
131 0.92403 0.04007 0.91991 0.04132 0.91797 0.04224 0.90823 0.04697 0.90613 0.04833 0.89745 0.0541 0.89637 0.05505 0.89457 0.05674 0.89041 0.06073 0.88821 0.06374 0.88734 0.06524 0.88709 0.06576 0.88647 0.06894 0.8868 0.0698 0.88834 0.07344 0.88921 0.07482 0.89175 0.07793 0.89563 0.08104 0.90021 0.08454 0.90586 0.08875 0.92002 0.09902 0.9247 0.1027 0.93092 0.10795 0.94339 0.1189 0.94952 0.12454 0.9606 0.13511 0.96829 0.14242 0.97444 0.14764 0.98023 0.15217 0.98192 0.15292 0.9842 0.15369 0.98819 0.15449 0.99537 0.15488 0.99834 0.15493 1.0 0.1549 1.0 0.03819 0.99729 0.03745 0.99173 0.03654 0.98333 0.03579 0.97265 0.0349 0.95781 0.03488 0.95668 0.03487 0.94897 0.03529 0.9433 0.03588 0.93836 0.0364 0.93379 0.03737 0.92995 0.03833
133 0.87145 0.21313 0.87357 0.21184 0.8746 0.2104 0.8755 0.20861 0.87605 0.20572 0.87648 0.20237 0.87676 0.20076 0.8768 0.20029 0.87705 0.19413 0.87704 0.19325 0.87695 0.19091 0.87658 0.18801 0.87473 0.1776 0.87413 0.17462 0.87331 0.16999 0.87212 0.16329 0.86933 0.14835 0.86417 0.12122 0.86204 0.11248 0.86184 0.11182 0.86167 0.11139 0.85986 0.10766 0.85892 0.10566 0.85856 0.10513 0.85571 0.10112 0.84882 0.09377 0.84763 0.09242 0.84468 0.08947 0.83969 0.08478 0.83713 0.08273 0.83239 0.07905 0.8303 0.07791 0.82843 0.07718 0.82701 0.07706 0.82404 0.07799 0.82374 0.07805 0.82351 0.07818 0.81578 0.08309 0.81444 0.08417 0.8105 0.08806 0.80496 0.09402 0.79826 0.10095 0.78932 0.11023 0.78629 0.11384 0.78107 0.12093 0.77763 0.126 0.77294 0.13356 0.76985 0.13873 0.76633 0.14467 0.76377 0.1492 0.76254 0.15257 0.76253 0.1526 0.76256 0.15283 0.76288 0.15596 0.76304 0.15627 0.76523 0.16043 0.76572 0.16108 0.77087 0.16727 0.77401 0.16976 0.78685 0.17941 0.78877 0.18092 0.79168 0.18298 0.80854 0.19444 0.81102 0.19584 0.82242 0.20236 0.82371 0.20312 0.82418 0.20337 0.83402 0.2088 0.83988 0.21146 0.8444 0.21314 0.84913 0.21478 0.85303 0.2151 0.85604 0.21542 0.85884 0.21586 0.86533 0.21522 0.86621 0.21522 0.86654 0.21517 0.87136 0.21319
133 0.9755 0.156 0.97536 0.15442 0.97186 0.14914 0.96923 0.14584 0.96323 0.13893 0.95352 0.12908 0.95088 0.1265 0.94876 0.12441 0.93906 0.11576 0.93145 0.10898 0.92875 0.10664 0.91394 0.09481 0.91027 0.09204 0.90291 0.08697 0.89965 0.08476 0.89773 0.08359 0.89005 0.0791 0.8866 0.07799 0.88481 0.07738 0.88269 0.07756 0.88212 0.07759 0.88013 0.07855 0.87972 0.0788 0.8791 0.07947 0.87494 0.08387 0.86954 0.09055 0.86905 0.09116 0.86878 0.09156 0.86545 0.09677 0.8639 0.10057 0.86379 0.1009 0.86303 0.10476 0.86287 0.10666 0.86286 0.10871 0.86315 0.11201 0.86362 0.11758 0.86424 0.12222 0.86857 0.1489 0.87152 0.16632 0.87398 0.18056 0.87528 0.18755 0.87718 0.19469 0.87761 0.19659 0.87814 0.19796 0.88094 0.20518 0.88264 0.20839 0.88545 0.21149 0.88598 0.21202 0.8872 0.21281 0.88951 0.2139 0.8914 0.21463 0.89595 0.21509 0.89733 0.21534 0.90338 0.21472 0.90614 0.21456 0.90665 0.21442 0.91143 0.21274 0.9168 0.21103 0.91759 0.2107 0.9268 0.20595 0.93184 0.20275 0.93801 0.19842 0.95091 0.18813 0.95135 0.18776 0.95184 0.1873 0.96241 0.17781 0.96841 0.16954 0.97177 0.16551 0.97244 0.164 0.97355 0.16157 0.97534 0.15815
136 0.42435 0.10604 0.42272 0.10547 0.42244 0.1056 0.42223 0.10584 0.42043 0.10733 0.42091 0.10898 0.42462 0.11251 0.4271 0.11667 0.42885 0.11962 0.43439 0.1251 0.44111 0.1303 0.44104 0.12948 0.4408 0.12698 0.43858 0.1231 0.43683 0.11925 0.43413 0.11502 0.43317 0.11373 0.42892 0.109 0.42712 0.10767
150 0.74781 0.73899 0.74959 0.7378 0.74953 0.73517 0.74881 0.73217 0.74202 0.72151 0.7418 0.72101 0.74154 0.72075 0.74134 0.72055 0.7182 0.699 0.71803 0.69885 0.71788 0.69874 0.71659 0.69774 0.69816 0.68355 0.68999 0.67781 0.67325 0.66771 0.67315 0.66766 0.67308 0.66762 0.66012 0.66047 0.65641 0.65936 0.65272 0.65887 0.65076 0.65859 0.64667 0.65856 0.64667 0.65865 0.64728 0.66011 0.6491 0.66423 0.64969 0.6655 0.65176 0.67119 0.65396 0.67472 0.66261 0.68395 0.66533 0.68678 0.66711 0.68851 0.67998 0.70019 0.68595 0.70468 0.6961 0.71156 0.70293 0.71626 0.71616 0.72473 0.72584 0.73102 0.73272 0.73461 0.74146 0.73947 0.74162 0.73953 0.74187 0.73953 0.74683 0.7396
153 0.23524 0.22122 0.23485 0.22125 0.22958 0.224 0.22954 0.22403 0.22949 0.22408 0.2221 0.23094 0.2171 0.23647 0.21314 0.24104 0.20746 0.24802 0.20543 0.25068 0.19788 0.26109 0.1959 0.26398 0.18984 0.27386 0.18908 0.27505 0.18813 0.27816 0.18768 0.27964 0.18769 0.28014 0.1876 0.28332 0.18758 0.28395 0.18764 0.28422 0.18855 0.28719 0.19023 0.28952 0.19235 0.29318 0.19554 0.29742 0.20193 0.30354 0.2107 0.31096 0.21457 0.31411 0.21923 0.31778 0.23196 0.32798 0.24232 0.33682 0.25382 0.34628 0.26368 0.35464 0.27974 0.36964 0.28451 0.37393 0.28896 0.37779 0.30691 0.39511 0.31355 0.4006 0.31748 0.40496 0.32405 0.40899 0.3259 0.40949 0.32712 0.40861 0.33094 0.4072 0.33197 0.40573 0.33481 0.40222 0.33554 0.40057 0.33862 0.39575 0.34285 0.38655 0.34454 0.38307 0.35066 0.37062 0.35204 0.36804 0.35783 0.3573 0.36104 0.35186 0.3649 0.34448 0.3661 0.34212 0.3665 0.34072 0.36672 0.33679 0.36663 0.33566 0.36576 0.33302 0.36522 0.33169 0.35855 0.32373 0.35846 0.32362 0.35843 0.32359 0.35837 0.32353 0.34509 0.30998 0.33886 0.30435 0.32589 0.29217 0.32135 0.28832 0.31092 0.27895 0.30522 0.27394 0.2976 0.26701 0.28788 0.25858 0.28736 0.25813 0.2867 0.25756 0.27436 0.24703 0.26514 0.23892 0.25953 0.23426 0.2516 0.2276 0.25071 0.22694 0.24413 0.22255 0.24364 0.22226 0.24274 0.22192 0.23894 0.22068 0.23615 0.22113
158 0.16235 0.57729 0.16585 0.57856 0.16708 0.57889 0.17139 0.57911 0.17621 0.57984 0.18711 0.57924 0.19354 0.5789 0.21168 0.57766 0.22267 0.57709 0.24715 0.57691 0.2558 0.57694 0.27848 0.5764 0.28703 0.57605 0.29073 0.57565 0.30648 0.57367 0.30913 0.57311 0.31272 0.5724 0.31767 0.57113 0.31938 0.56912 0.3203 0.56789 0.32072 0.5671 0.32182 0.55999 0.32185 0.55987 0.32184 0.55983 0.32181 0.55954 0.32023 0.54735 0.31921 0.54272 0.31659 0.53075 0.31531 0.52653 0.31157 0.51187 0.31157 0.51186 0.31156 0.51184 0.30755 0.5041 0.30621 0.50282 0.30206 0.49987 0.2997 0.49922 0.2854 0.49657 0.28224 0.49615 0.2764 0.4954 0.26522 0.49378 0.25985 0.49325 0.24709 0.49197 0.24228 0.49156 0.22199 0.49024 0.22044 0.49017 0.20194 0.48934 0.18697 0.48875 0.17981 0.48848 0.15794 0.48828 0.15776 0.48828 0.15756 0.4883 0.14776 0.48927 0.14357 0.49087 0.14224 0.49141 0.14144 0.49237 0.13946 0.4945 0.13881 0.49625 0.13844 0.50121 0.13863 0.5049 0.14016 0.51495 0.14121 0.51964 0.14319 0.52902 0.1441 0.53308 0.14691 0.54194 0.14824 0.54712 0.1521 0.55844 0.15239 0.55927 0.1525 0.55947 0.1574 0.56848 0.15821 0.56955 0.1621 0.57704
160 0.78475 0.84627 0.78419 0.84722 0.7846 0.84766 0.78483 0.84833 0.78783 0.85355 0.79175 0.86043 0.79233 0.8612 0.79294 0.86189 0.79929 0.86828 0.8095 0.87865 0.8118 0.88077 0.81359 0.88255 0.82934 0.89848 0.83414 0.90355 0.84631 0.91485 0.84835 0.91659 0.85102 0.91885 0.85974 0.92481 0.86652 0.92793 0.87787 0.93179 0.88231 0.9329 0.8921 0.93453 0.89744 0.93524 0.89891 0.9354 0.90259 0.93536 0.91098 0.93512 0.91328 0.93491 0.91837 0.93391 0.9192 0.93363 0.91943 0.93201 0.91793 0.92952 0.91701 0.92794 0.91309 0.92533 0.90671 0.92072 0.89907 0.91556 0.89608 0.91278 0.88893 0.90629 0.88635 0.9032 0.88192 0.89807 0.87966 0.89544 0.87643 0.8908 0.87201 0.88462 0.86966 0.88104 0.86375 0.87271 0.85931 0.86691 0.85639 0.86324 0.8508 0.85784 0.84659 0.85374 0.84453 0.85169 0.83783 0.84625 0.83483 0.845 0.82636 0.84039 0.82435 0.83951 0.82206 0.83848 0.81702 0.83673 0.81373 0.83561 0.80996 0.83561 0.80607 0.83642 0.80236 0.83662 0.79697 0.83706 0.79341 0.83881 0.79213 0.83953 0.79137 0.84006 0.78739 0.84262 0.78546 0.8442
163 0.30213 0.49113 0.3054 0.4891 0.30676 0.48799 0.30838 0.48359 0.30889 0.48075 0.30896 0.48001 0.30919 0.47846 0.31043 0.46942 0.31251 0.46248 0.31285 0.46107 0.31428 0.45342 0.31483 0.44939 0.31744 0.44679 0.31821 0.44471 0.31833 0.44369 0.31799 0.44039 0.31742 0.43885 0.31594 0.43704 0.31113 0.43278 0.31007 0.43243 0.30301 0.42741 0.30017 0.42624 0.29107 0.42257 0.28715 0.42108 0.27199 0.41608 0.26241 0.41302 0.25965 0.41214 0.25313 0.41028 0.23069 0.40372 0.21872 0.40013 0.20707 0.39726 0.19636 0.3941 0.18884 0.39192 0.18148 0.3899 0.17862 0.38926 0.17428 0.38847 0.16904 0.38819 0.16459 0.38751 0.16218 0.38776 0.15429 0.38944 0.1478 0.39079 0.14721 0.39102 0.14492 0.39361 0.14336 0.39643 0.14329 0.39665 0.14139 0.40015 0.13915 0.40473 0.13786 0.40913 0.13627 0.41742 0.13513 0.42323 0.13478 0.42441 0.1344 0.43068 0.13384 0.4418 0.13356 0.44877 0.13362 0.45673 0.13422 0.46487 0.13446 0.46693 0.13529 0.47153 0.13597 0.475 0.13616 0.47566 0.13904 0.48105 0.13906 0.48109 0.14168 0.48473 0.14389 0.48564 0.14912 0.48748 0.15103 0.48786 0.15909 0.4891 0.16139 0.48943 0.16286 0.48948 0.17845 0.48939 0.20051 0.49019 0.20583 0.49025 0.2114 0.49049 0.22915 0.49128 0.24003 0.49204 0.24526 0.49231 0.2639 0.49304 0.27008 0.4932 0.28779 0.49272 0.29262 0.49267 0.29932 0.49125
164 0.74354 0.65356 0.74358 0.65367 0.74365 0.65387 0.74468 0.65564 0.74913 0.65892 0.75096 0.6603 0.75488 0.66245 0.7656 0.66763 0.77762 0.6736 0.77842 0.67394 0.79691 0.68054 0.79989 0.6816 0.80404 0.68293 0.82154 0.68831 0.83293 0.69104 0.83727 0.69204 0.84116 0.6923 0.84927 0.69288 0.85565 0.69216 0.85772 0.69197 0.86137 0.69068 0.86383 0.68961 0.86697 0.6881 0.87196 0.68578 0.88083 0.68372 0.88449 0.68281 0.88913 0.68159 0.89154 0.68046 0.89326 0.67907 0.89591 0.67659 0.89696 0.67528 0.89818 0.67304 0.89959 0.66978 0.89986 0.66868 0.90029 0.66159 0.89957 0.65891 0.89735 0.65313 0.8967 0.6516 0.89072 0.64408 0.89059 0.64392 0.89027 0.64369 0.88275 0.63802 0.87832 0.63553 0.87215 0.63261 0.86471 0.62978 0.8619 0.62897 0.85683 0.62785 0.84937 0.62576 0.84296 0.62469 0.83466 0.62373 0.8258 0.62284 0.81105 0.62386 0.80997 0.62383 0.80893 0.62401 0.79451 0.62653 0.78447 0.62945 0.78334 0.62979 0.78277 0.63001 0.77115 0.63384 0.76582 0.63601 0.75668 0.64018 0.75496 0.64125 0.74847 0.64516 0.74724 0.64722 0.74566 0.64999 0.74392 0.65143
165 0.51931 0.43273 0.5185 0.43377 0.51616 0.4384 0.51566 0.43994 0.51547 0.44137 0.51491 0.44794 0.51599 0.45339 0.51646 0.45709 0.51697 0.45873 0.51795 0.4598 0.51989 0.4622 0.52129 0.4635 0.52473 0.46298 0.52723 0.4632 0.53333 0.45944 0.5355 0.45826 0.53868 0.45384 0.54007 0.45199 0.54089 0.44722 0.54126 0.44576 0.53993 0.44081 0.53904 0.43918 0.53474 0.43542 0.53273 0.43424 0.52679 0.4316 0.52568 0.4314 0.52161 0.43117 0.52139 0.43122
167 0.56089 0.51998 0.55963 0.51996 0.55809 0.52043 0.55679 0.52163 0.55642 0.52235 0.55604 0.52444 0.55591 0.52712 0.55579 0.529 0.55624 0.5347 0.55705 0.53804 0.5594 0.54617 0.55988 0.54751 0.56073 0.55006 0.56298 0.55546 0.56921 0.56572 0.56927 0.56583 0.56935 0.56593 0.57699 0.575 0.57835 0.57619 0.58741 0.58416 0.59019 0.58646 0.5989 0.5931 0.61065 0.6012 0.61934 0.60657 0.63406 0.61488 0.63532 0.61559 0.63606 0.61592 0.63912 0.61716 0.6554 0.6236 0.66175 0.62559 0.67148 0.62825 0.6799 0.62998 0.68536 0.63098 0.68737 0.63103 0.692 0.6306 0.69292 0.6305 0.69317 0.62889 0.69325 0.62881 0.69315 0.62849 0.69336 0.62642 0.69057 0.62394 0.68578 0.61853 0.67568 0.61014 0.67481 0.6094 0.67335 0.60821 0.66356 0.59978 0.65942 0.59551 0.65117 0.58833 0.64538 0.58345 0.64344 0.58186 0.63775 0.57642 0.62454 0.56566 0.62372 0.56493 0.62271 0.56419 0.6051 0.55087 0.60009 0.54724 0.58694 0.53714 0.58388 0.53474 0.58274 0.53396 0.57212 0.52606 0.56772 0.52293 0.56612 0.52191 0.56478 0.52162
168 0.91897 0.6386 0.91952 0.63835 0.92006 0.63768 0.92204 0.63332 0.92267 0.63128 0.92234 0.62871 0.92046 0.62571 0.91779 0.62368 0.91325 0.62052 0.90958 0.61896 0.90055 0.61662 0.89094 0.61424 0.88095 0.61212 0.86683 0.60927 0.85704 0.6076 0.84651 0.60629 0.83088 0.60517 0.8277 0.60507 0.82538 0.60509 0.81659 0.60807 0.81374 0.60932 0.81239 0.61157 0.81218 0.61464 0.81413 0.61667 0.81629 0.61876 0.82326 0.62132 0.83089 0.62293 0.85325 0.62671 0.85442 0.62692 0.85506 0.62709 0.87649 0.63218 0.88248 0.63454 0.89206 0.63765 0.89863 0.64001 0.90562 0.64175 0.91297 0.64209 0.91321 0.64206
168 1.0 0.61703 0.99401 0.61877 0.9924 0.61959 0.98735 0.62507 0.98722 0.62535 0.98712 0.62552 0.98727 0.62616 0.98779 0.63044 0.9884 0.63461 0.98852 0.63548 0.98867 0.63578 0.98914 0.63613 0.99776 0.63914 0.99956 0.63984 1.0 0.6398
169 0.60337 0.45546 0.60112 0.45631 0.599 0.45712 0.58526 0.46694 0.58322 0.46836 0.583 0.46854 0.58288 0.46869 0.5824 0.46913 0.57139 0.4808 0.56966 0.48373 0.56682 0.48845 0.56394 0.49356 0.56242 0.49711 0.56085 0.50134 0.56005 0.50301 0.56133 0.50686 0.56181 0.50766 0.56204 0.50871 0.56333 0.51318 0.56639 0.51658 0.5692 0.52013 0.58013 0.53018 0.58124 0.53109 0.58171 0.53155 0.58229 0.53204 0.58501 0.5343 0.59601 0.543 0.60063 0.54653 0.60869 0.55244 0.6147 0.55688 0.62324 0.56339 0.6335 0.5717 0.63788 0.57539 0.64366 0.58112 0.65209 0.58789 0.66355 0.59809 0.66403 0.59846 0.66601 0.60017 0.67252 0.60566 0.67853 0.60991 0.68523 0.6149 0.69033 0.61794 0.69921 0.62215 0.70801 0.62739 0.71127 0.62889 0.72029 0.63133 0.72257 0.63223 0.72695 0.63284 0.73226 0.63368 0.74198 0.63355 0.74694 0.63322 0.75636 0.63177 0.75748 0.63158 0.75817 0.63147 0.76597 0.629 0.76788 0.62732 0.77815 0.61944 0.77877 0.61892 0.77892 0.6188 0.77922 0.6184 0.78328 0.61106 0.7833 0.60952 0.78406 0.60685 0.78374 0.60636 0.78004 0.60205 0.77535 0.59763 0.77215 0.59468 0.76959 0.59255 0.75927 0.58458 0.75157 0.57872 0.74855 0.57633 0.74368 0.57193 0.7378 0.56681 0.73447 0.56352 0.72447 0.55426 0.71176 0.54172 0.7082 0.53803 0.69746 0.52736 0.68826 0.51721 0.6867 0.51552 0.68621 0.51496 0.67656 0.50448 0.67321 0.50082 0.66302 0.49119 0.66128 0.4895 0.64775 0.47802 0.64401 0.47433 0.64007 0.47068 0.63442 0.4658 0.63156 0.46336 0.62398 0.45822 0.62226 0.457 0.61995 0.45571 0.61458 0.45332 0.61083 0.45276 0.60936 0.4527
173 0.92715 0.86517 0.92189 0.86512 0.91125 0.86675 0.90846 0.86755 0.90612 0.86857 0.897 0.87376 0.89434 0.87607 0.88995 0.88327 0.8895 0.88488 0.88825 0.88716 0.88582 0.89308 0.88709 0.89859 0.88775 0.89993 0.89064 0.90357 0.89524 0.90898 0.89524 0.90899 0.89534 0.90906 0.90126 0.91331 0.90143 0.91339 0.90184 0.91349 0.90934 0.91443 0.91324 0.91501 0.91837 0.91519 0.92276 0.91428 0.92932 0.91211 0.93108 0.91147 0.93794 0.90659 0.94133 0.90396 0.94679 0.89833 0.94896 0.89359 0.95068 0.88924 0.95087 0.88658 0.95202 0.87967 0.95117 0.87701 0.94847 0.87299 0.94568 0.8693 0.94246 0.86778 0.93884 0.8664 0.93631 0.86589
177 0.82853 0.69542 0.82835 0.69525 0.82549 0.6924 0.81073 0.68642 0.8097 0.68601 0.8089 0.6857 0.78659 0.6764 0.77547 0.67205 0.7668 0.66825 0.75811 0.66438 0.74968 0.66105 0.73455 0.65452 0.72435 0.65032 0.70641 0.6428 0.70051 0.64052 0.67519 0.63088 0.67067 0.62923 0.64667 0.62044 0.64662 0.62042 0.6461 0.62022 0.62782 0.61297 0.62656 0.61238 0.6116 0.60797 0.61143 0.60791 0.61126 0.6079 0.60388 0.60837 0.60372 0.60855 0.60393 0.60923 0.60542 0.6131 0.60634 0.61509 0.60935 0.61952 0.61317 0.62248 0.622 0.63029 0.63287 0.63778 0.63917 0.64266 0.65083 0.64984 0.65729 0.65423 0.66997 0.66162 0.68209 0.66911 0.68812 0.67246 0.70378 0.68093 0.70581 0.68194 0.70818 0.683 0.72147 0.68955 0.73463 0.69575 0.73807 0.69712 0.7573 0.704 0.75743 0.70404 0.76043 0.70475 0.77021 0.70707 0.77124 0.70724 0.78367 0.70897 0.78992 0.70945 0.80155 0.7099 0.8088 0.70991 0.81607 0.70948 0.81826 0.70933 0.82304 0.70781 0.82596 0.70705 0.8264 0.70673 0.82728 0.70542 0.82935 0.70346 0.8298 0.70245 0.83043 0.69961 0.83034 0.69854 0.82864 0.69567